50 0.4859375 0.0 2.6110660011470035 0.0 1.387127041817
100 0.46875 0.2265625 2.580275501012992 tensor(0.4940, device='cuda:0', dtype=torch.float64) 1.397244930267
150 0.4703125 0.0 2.5532660537231924 0.0 1.392104387283
200 0.44375 0.0 2.5700655047419705 0.0 1.427597165108
250 0.440625 0.0 2.5966272113091513 0.0 1.408466458321
300 0.46875 0.0 2.6272732188087238 0.0 1.395584821701
350 0.4546875 0.0 2.634238904723821 0.0 1.403747558594
400 0.4578125 0.0 2.6512518324798493 0.0 1.407439947128
450 0.465625 0.0 2.601491833386501 0.0 1.392422556877
500 0.45 0.0 2.578148965800389 0.0 1.409160852432
550 0.4640625 0.0 2.5893102638789776 0.0 1.404021501541
600 0.453125 0.0 2.7340685764006563 0.0 1.388122081757
650 0.4890625 0.0 2.5858273029051064 0.0 1.392809152603
700 0.4609375 0.0 2.6021801947281804 0.0 1.403443217278
750 0.4375 0.0 2.645460639852221 0.0 1.406800866127
800 0.4578125 0.0 2.669330057642264 0.0 1.399894475937
850 0.4625 0.0 2.563685139611333 0.0 1.389822006226
900 0.453125 0.0 2.603199375253856 0.0 1.397878885269
950 0.4625 0.0 2.545975782185429 0.0 1.399101138115
1000 0.446875 0.0 2.634777212088141 0.0 1.408711910248
1050 0.4734375 0.0 2.583682756537405 0.0 1.392148017883
1100 0.46875 0.0 2.5368515598902244 0.0 1.397579193115
1150 0.4609375 0.0 2.5789050255875385 0.0 1.391542673111
1200 0.4890625 0.0 2.580854230157247 0.0 1.386876821518
1250 0.4671875 0.0 2.6095319754340585 0.0 1.401892185211
1300 0.4515625 0.0 2.5705437929003554 0.0 1.400311350822
1350 0.4546875 0.0 2.594828165459337 0.0 1.404067397118
1400 0.4546875 0.0 2.551708857238559 0.0 1.407297730446
1450 0.4671875 0.0 2.7303768540852857 0.0 1.397683382034
1500 0.465625 0.0 2.607015545840552 0.0 1.391727685928
1550 0.478125 0.0 2.565976001644691 0.0 1.392300009727
1600 0.45625 0.0 2.53113547664979 0.0 1.398211240768
1650 0.4640625 0.0 2.5473633575726664 0.0 1.400449633598
1700 0.4796875 0.328125 2.541541366669061 tensor(0.7065, device='cuda:0', dtype=torch.float64) 1.389203310013
1750 0.459375 0.0 2.544788332626811 0.0 1.393467903137
1800 0.4453125 0.0 2.5703305423300047 0.0 1.403885841370
1850 0.4453125 0.0 2.5536977636179943 0.0 1.401674389839
1900 0.4578125 0.0 2.5269005251043652 0.0 1.402842402458
1950 0.4609375 0.0 2.5647191721606206 0.0 1.397802114487
2000 0.459375 0.0 2.6175758156315894 0.0 1.396834373474
2050 0.4421875 0.0 2.541833016118725 0.0 1.409367799759
2100 0.48125 0.0 2.6030322028449877 0.0 1.385955810547
2150 0.471875 0.0 2.5855999075462535 0.0 1.382065534592
2200 0.4703125 0.0 2.700733593747731 0.0 1.396676659584
2250 0.4609375 0.0 2.630458048067237 0.0 1.398274302483
2300 0.4765625 0.0 2.6383165154121775 0.0 1.392108917236
2350 0.4703125 0.0 2.5930124240614703 0.0 1.391180753708
2400 0.4703125 0.0 2.6724711378736865 0.0 1.388728380203
2450 0.471875 0.0 2.605223166915704 0.0 1.396584033966
2500 0.4578125 0.0 2.636859477875968 0.0 1.383498072624
2550 0.4546875 0.0 2.588053659689181 0.0 1.404606819153
2600 0.4984375 0.0 2.659978196574598 0.0 1.390166640282
2650 0.484375 0.0 2.5901121071731232 0.0 1.403599143028
2700 0.446875 0.0 2.523690884738892 0.0 1.407505393028
2750 0.45625 0.0 2.6113685862300726 0.0 1.405792355537
2800 0.4765625 0.0 2.6707162312435755 0.0 1.390282154083
2850 0.465625 0.0 2.6395003122210543 0.0 1.389102697372
2900 0.46875 0.0 2.6438026085071513 0.0 1.406226873398
2950 0.4625 0.0 2.666018531169349 0.0 1.397056818008
3000 0.4578125 0.0 2.677042982117137 0.0 1.406370401382
3050 0.4671875 0.0 2.6890920517611483 0.0 1.390468358994
3100 0.484375 0.0 2.507642497741457 0.0 1.384579062462
3150 0.45625 0.0 2.6395709789523685 0.0 1.398307561874
3200 0.4640625 0.0 2.5517164657481395 0.0 1.398095250130
3250 0.4609375 0.0 2.598130437222037 0.0 1.396725893021
3300 0.46875 0.0 2.5924950484351896 0.0 1.401471376419
3350 0.4640625 0.0 2.623582527070587 0.0 1.392059564590
3400 0.4828125 0.0 2.717972869277634 0.0 1.383653521538
3450 0.465625 0.0 2.533207345042517 0.0 1.394667029381
3500 0.4609375 0.0 2.6202067876783963 0.0 1.399055242538
3550 0.478125 0.0 2.619902016878796 0.0 1.389719367027
3600 0.46875 0.0 2.6336735410583554 0.0 1.391268849373
3650 0.4671875 0.0 2.618954549322875 0.0 1.396838784218
3700 0.459375 0.0 2.6071268742890252 0.0 1.397672414780
3750 0.478125 0.0 2.6900923593167465 0.0 1.400276780128
3800 0.4671875 0.0 2.5854024794115222 0.0 1.386257886887
3850 0.4796875 0.0 2.571414269633074 0.0 1.395072102547
3900 0.4546875 0.0 2.526902779286358 0.0 1.402499675751
3950 0.471875 0.0 2.66452581797578 0.0 1.384996533394
4000 0.440625 0.0 2.5707797551443208 0.0 1.411501526833
4050 0.471875 0.0 2.585148175903356 0.0 1.388718247414
4100 0.453125 0.0 2.475051674280766 0.0 1.394289731979
4150 0.471875 0.0 2.5691556458487983 0.0 1.385719776154
4200 0.4609375 0.0 2.560807548738257 0.0 1.397632241249
4250 0.4734375 0.0 2.5994256450449513 0.0 1.389312744141
4300 0.4640625 0.0 2.5672510816483496 0.0 1.390895605087
4350 0.4625 0.0 2.5691903683270976 0.0 1.399499535561
4400 0.44375 0.0 2.663021823072608 0.0 1.403313517570
4450 0.421875 0.4609375 2.6074102068505893 tensor(0.9354, device='cuda:0', dtype=torch.float64) 1.409435987473
4500 0.465625 0.0 2.550071232640772 0.0 1.393326401711
4550 0.459375 0.0 2.607639151311001 0.0 1.399631977081
4600 0.4703125 0.0 2.4465399342081766 0.0 1.403445601463
4650 0.4671875 0.0 2.637417333804255 0.0 1.398797273636
4700 0.4546875 0.0 2.6431859295108007 0.0 1.405492424965
4750 0.46875 0.0 2.6409735400760317 0.0 1.392472505569
4800 0.43125 0.0 2.648094816414291 0.0 1.406384587288
4850 0.478125 0.0 2.613851764991158 0.0 1.381931066513
4900 0.4421875 0.0 2.5203400891073993 0.0 1.408642530441
4950 0.465625 0.0 2.6208009367452734 0.0 1.396917581558
5000 0.4625 0.0 2.6185913598504733 0.0 1.395980358124
5050 0.4875 0.0 2.5019824195986886 0.0 1.376327157021
5100 0.4359375 0.0 2.632830553044148 0.0 1.397667884827
5150 0.4890625 0.0 2.5506254234019097 0.0 1.379852533340
5200 0.471875 0.0 2.568570594995299 0.0 1.395982623100
5250 0.471875 0.0 2.6119645322944867 0.0 1.396138072014
5300 0.465625 0.0 2.6260758302215756 0.0 1.393051266670
5350 0.4765625 0.0 2.5791512358479878 0.0 1.399001002312
5400 0.4765625 0.0 2.6109513509034183 0.0 1.386756777763
5450 0.471875 0.0 2.600705663520949 0.0 1.393352985382
5500 0.490625 0.0 2.653728097297497 0.0 1.379896402359
5550 0.4453125 0.0390625 2.642238711594077 tensor(0.0936, device='cuda:0', dtype=torch.float64) 1.403886675835
5600 0.4828125 0.0078125 2.5848445186474427 tensor(0.0230, device='cuda:0', dtype=torch.float64) 1.385471224785
5650 0.4796875 0.0 2.5749991021507115 0.0 1.384102106094
5700 0.4859375 0.0 2.5545519107240913 0.0 1.386792898178
5750 0.4625 0.0 2.5106661273102944 0.0 1.389322042465
5800 0.496875 0.0 2.5383127820034375 0.0 1.390567421913
5850 0.534375 0.0 2.5892096161725062 0.0 1.365996837616
5900 0.4984375 0.0 2.498214142157448 0.0 1.379619002342
5950 0.49375 0.0 2.5415215246466167 0.0 1.393175363541
6000 0.5125 0.046875 2.53567034343146 tensor(0.1013, device='cuda:0', dtype=torch.float64) 1.375188589096
6050 0.4921875 0.0078125 2.565603574818848 tensor(0.0178, device='cuda:0', dtype=torch.float64) 1.386035203934
6100 0.4859375 0.0234375 2.448374607580284 tensor(0.0552, device='cuda:0', dtype=torch.float64) 1.389623165131
6150 0.496875 0.140625 2.632007944689225 tensor(0.2999, device='cuda:0', dtype=torch.float64) 1.389315843582
6200 0.490625 0.0 2.6152453887527907 0.0 1.380590081215
6250 0.496875 0.0 2.4779286207434255 0.0 1.374658942223
6300 0.5078125 0.0234375 2.4820609048932223 tensor(0.0551, device='cuda:0', dtype=torch.float64) 1.368908047676
6350 0.5140625 0.046875 2.5818192200015497 tensor(0.0997, device='cuda:0', dtype=torch.float64) 1.365804672241
6400 0.4890625 0.0390625 2.479130230426436 tensor(0.0722, device='cuda:0', dtype=torch.float64) 1.381071805954
6450 0.4578125 0.03125 2.593971378472144 tensor(0.0704, device='cuda:0', dtype=torch.float64) 1.408092021942
6500 0.5125 0.0234375 2.4684617018605737 tensor(0.0548, device='cuda:0', dtype=torch.float64) 1.379416823387
6550 0.4796875 0.0546875 2.5019364564186923 tensor(0.1118, device='cuda:0', dtype=torch.float64) 1.387173175812
6600 0.4890625 0.1015625 2.572688425100356 tensor(0.2163, device='cuda:0', dtype=torch.float64) 1.379143953323
6650 0.5234375 0.046875 2.5638957974659577 tensor(0.0895, device='cuda:0', dtype=torch.float64) 1.357828736305
6700 0.5015625 0.09375 2.5376279911435007 tensor(0.1882, device='cuda:0', dtype=torch.float64) 1.374286293983
6750 0.50625 0.109375 2.4616542739370892 tensor(0.2407, device='cuda:0', dtype=torch.float64) 1.369160890579
6800 0.509375 0.171875 2.496912425599881 tensor(0.3909, device='cuda:0', dtype=torch.float64) 1.371877074242
6850 0.5140625 0.1484375 2.4425378198585532 tensor(0.2953, device='cuda:0', dtype=torch.float64) 1.352669954300
6900 0.5109375 0.1015625 2.3869948659575764 tensor(0.2078, device='cuda:0', dtype=torch.float64) 1.369882345200
6950 0.5546875 0.1015625 2.4186230293540123 tensor(0.1976, device='cuda:0', dtype=torch.float64) 1.344393372536
7000 0.5140625 0.21875 2.470794144098025 tensor(0.4733, device='cuda:0', dtype=torch.float64) 1.361784696579
7050 0.5109375 0.2578125 2.4310875395468465 tensor(0.5793, device='cuda:0', dtype=torch.float64) 1.375932455063
7100 0.53125 0.1953125 2.3445492274325304 tensor(0.4058, device='cuda:0', dtype=torch.float64) 1.355190992355
7150 0.5265625 0.2421875 2.3691196306440467 tensor(0.5088, device='cuda:0', dtype=torch.float64) 1.335108637810
7200 0.553125 0.1796875 2.404145315303596 tensor(0.3762, device='cuda:0', dtype=torch.float64) 1.325947165489
7250 0.546875 0.171875 2.3592428834661026 tensor(0.3746, device='cuda:0', dtype=torch.float64) 1.343897581100
7300 0.5609375 0.234375 2.3976262969009214 tensor(0.5001, device='cuda:0', dtype=torch.float64) 1.336224555969
7350 0.5453125 0.40625 2.4617248478188136 tensor(0.8986, device='cuda:0', dtype=torch.float64) 1.336927771568
7400 0.528125 0.375 2.3063480554999627 tensor(0.8009, device='cuda:0', dtype=torch.float64) 1.345467567444
7450 0.5140625 0.3828125 2.404393252713203 tensor(0.8217, device='cuda:0', dtype=torch.float64) 1.356667518616
7500 0.5453125 0.3203125 2.374489821123308 tensor(0.6801, device='cuda:0', dtype=torch.float64) 1.337729334831
7550 0.5328125 0.4296875 2.4044573110909453 tensor(0.9213, device='cuda:0', dtype=torch.float64) 1.355170369148
7600 0.540625 0.3828125 2.3589287247961908 tensor(0.8021, device='cuda:0', dtype=torch.float64) 1.351743698120
7650 0.5546875 0.328125 2.363594841081705 tensor(0.6987, device='cuda:0', dtype=torch.float64) 1.339028716087
7700 0.5265625 0.3359375 2.482483158996393 tensor(0.7347, device='cuda:0', dtype=torch.float64) 1.351750969887
7750 0.5703125 0.3671875 2.390324462715127 tensor(0.8163, device='cuda:0', dtype=torch.float64) 1.322358727455
7800 0.5171875 0.3515625 2.3804661279282873 tensor(0.7334, device='cuda:0', dtype=torch.float64) 1.362436771393
7850 0.5140625 0.3828125 2.365220204130188 tensor(0.8192, device='cuda:0', dtype=torch.float64) 1.352122068405
7900 0.55625 0.4140625 2.399918859048046 tensor(0.8945, device='cuda:0', dtype=torch.float64) 1.340207457542
7950 0.521875 0.328125 2.4524442182990085 tensor(0.7178, device='cuda:0', dtype=torch.float64) 1.353042602539
8000 0.6046875 0.3203125 2.32814691731434 tensor(0.6541, device='cuda:0', dtype=torch.float64) 1.301838040352
8050 0.5421875 0.5078125 2.402981414732311 tensor(1.0922, device='cuda:0', dtype=torch.float64) 1.346545934677
8100 0.5453125 0.328125 2.3427160069412976 tensor(0.6828, device='cuda:0', dtype=torch.float64) 1.351813673973
8150 0.5546875 0.3984375 2.4308268779165982 tensor(0.8525, device='cuda:0', dtype=torch.float64) 1.336759686470
8200 0.5609375 0.4921875 2.336066016232188 tensor(1.0666, device='cuda:0', dtype=torch.float64) 1.318258881569
8250 0.571875 0.3671875 2.388127558196759 tensor(0.7777, device='cuda:0', dtype=torch.float64) 1.305438756943
8300 0.55 0.5234375 2.3532386316137486 tensor(1.0791, device='cuda:0', dtype=torch.float64) 1.345223665237
8350 0.55 0.5546875 2.42036078428972 tensor(1.1752, device='cuda:0', dtype=torch.float64) 1.338689446449
8400 0.50625 0.3671875 2.3666337972025615 tensor(0.7765, device='cuda:0', dtype=torch.float64) 1.368368744850
8450 0.5609375 0.5234375 2.368301858995622 tensor(1.0851, device='cuda:0', dtype=torch.float64) 1.325453639030
8500 0.5234375 0.3984375 2.344122103806363 tensor(0.8018, device='cuda:0', dtype=torch.float64) 1.358433604240
8550 0.5484375 0.3046875 2.3151880423746207 tensor(0.6642, device='cuda:0', dtype=torch.float64) 1.333997488022
8600 0.5875 0.421875 2.3321556048000636 tensor(0.8622, device='cuda:0', dtype=torch.float64) 1.303444743156
8650 0.5484375 0.4921875 2.4707401052821307 tensor(1.0301, device='cuda:0', dtype=torch.float64) 1.336999654770
8700 0.5578125 0.4140625 2.28715718440162 tensor(0.8576, device='cuda:0', dtype=torch.float64) 1.332253217697
8750 0.525 0.4296875 2.3938585604545115 tensor(0.9248, device='cuda:0', dtype=torch.float64) 1.342473506927
8800 0.5609375 0.328125 2.4303410456521584 tensor(0.7268, device='cuda:0', dtype=torch.float64) 1.323993086815
8850 0.5578125 0.359375 2.3947536817054145 tensor(0.7385, device='cuda:0', dtype=torch.float64) 1.326865911484
8900 0.54375 0.4140625 2.3225361775111013 tensor(0.8466, device='cuda:0', dtype=torch.float64) 1.328138828278
8950 0.5484375 0.46875 2.3560873514650527 tensor(0.9620, device='cuda:0', dtype=torch.float64) 1.336933374405
9000 0.5640625 0.3671875 2.3761578002297865 tensor(0.7818, device='cuda:0', dtype=torch.float64) 1.318197488785
9050 0.5203125 0.46875 2.3999026961537253 tensor(0.9922, device='cuda:0', dtype=torch.float64) 1.361318230629
9100 0.5734375 0.359375 2.420160992801266 tensor(0.7802, device='cuda:0', dtype=torch.float64) 1.333633661270
9150 0.5375 0.4140625 2.3241355125546423 tensor(0.8579, device='cuda:0', dtype=torch.float64) 1.336810112000
9200 0.5859375 0.4140625 2.3364456582777144 tensor(0.8596, device='cuda:0', dtype=torch.float64) 1.310323238373
9250 0.565625 0.3984375 2.3582356531437374 tensor(0.8468, device='cuda:0', dtype=torch.float64) 1.314191102982
9300 0.553125 0.3359375 2.4746380788506763 tensor(0.7373, device='cuda:0', dtype=torch.float64) 1.331526517868
9350 0.5515625 0.4453125 2.341655396533807 tensor(0.9185, device='cuda:0', dtype=torch.float64) 1.327766895294
9400 0.5140625 0.4375 2.3868498655595394 tensor(0.9102, device='cuda:0', dtype=torch.float64) 1.343240857124
9450 0.575 0.3828125 2.2943854062130202 tensor(0.7910, device='cuda:0', dtype=torch.float64) 1.313242554665
9500 0.553125 0.359375 2.377175079812294 tensor(0.7674, device='cuda:0', dtype=torch.float64) 1.330806136131
9550 0.54375 0.390625 2.4173869599816245 tensor(0.8238, device='cuda:0', dtype=torch.float64) 1.336892724037
9600 0.5921875 0.40625 2.3546363593319692 tensor(0.8609, device='cuda:0', dtype=torch.float64) 1.306681513786
9650 0.5953125 0.3515625 2.3438070755245266 tensor(0.7420, device='cuda:0', dtype=torch.float64) 1.316590905190
9700 0.5375 0.4765625 2.407034156032845 tensor(0.9903, device='cuda:0', dtype=torch.float64) 1.337989449501
9750 0.565625 0.3828125 2.3668597670525653 tensor(0.8069, device='cuda:0', dtype=torch.float64) 1.320324897766
9800 0.5140625 0.40625 2.368740195461334 tensor(0.8533, device='cuda:0', dtype=torch.float64) 1.350810766220
9850 0.534375 0.34375 2.417407884677119 tensor(0.7538, device='cuda:0', dtype=torch.float64) 1.342776656151
9900 0.5609375 0.359375 2.3666599867958507 tensor(0.7215, device='cuda:0', dtype=torch.float64) 1.328912496567
9950 0.54375 0.46875 2.3330961070809577 tensor(0.9828, device='cuda:0', dtype=torch.float64) 1.333429098129
10000 0.5703125 0.375 2.2842531383420064 tensor(0.7662, device='cuda:0', dtype=torch.float64) 1.322552919388
10050 0.5671875 0.3515625 2.386565640160837 tensor(0.7666, device='cuda:0', dtype=torch.float64) 1.333244085312
10100 0.559375 0.453125 2.268085266826724 tensor(0.9504, device='cuda:0', dtype=torch.float64) 1.334588527679
10150 0.5671875 0.421875 2.3500458558271533 tensor(0.8765, device='cuda:0', dtype=torch.float64) 1.323575735092
10200 0.5875 0.4375 2.3970210652269053 tensor(0.9178, device='cuda:0', dtype=torch.float64) 1.303904175758
10250 0.575 0.40625 2.3397809495351565 tensor(0.8454, device='cuda:0', dtype=torch.float64) 1.313795804977
10300 0.565625 0.296875 2.414297655903437 tensor(0.6320, device='cuda:0', dtype=torch.float64) 1.325959205627
10350 0.5140625 0.3671875 2.4299799447178856 tensor(0.8413, device='cuda:0', dtype=torch.float64) 1.362528562546
10400 0.5578125 0.359375 2.3837945279851294 tensor(0.7650, device='cuda:0', dtype=torch.float64) 1.332110643387
10450 0.5421875 0.4609375 2.359359058497768 tensor(0.9670, device='cuda:0', dtype=torch.float64) 1.331917524338
10500 0.5546875 0.4375 2.3051681961869086 tensor(0.8824, device='cuda:0', dtype=torch.float64) 1.329039335251
10550 0.5375 0.4375 2.396497875355802 tensor(0.9238, device='cuda:0', dtype=torch.float64) 1.341839432716
10600 0.5484375 0.4375 2.390763241288692 tensor(0.9452, device='cuda:0', dtype=torch.float64) 1.333955407143
10650 0.553125 0.28125 2.3183163612099755 tensor(0.6089, device='cuda:0', dtype=torch.float64) 1.334264039993
10700 0.5453125 0.3125 2.322580977266729 tensor(0.6468, device='cuda:0', dtype=torch.float64) 1.336899995804
10750 0.565625 0.421875 2.4314284390549696 tensor(0.9018, device='cuda:0', dtype=torch.float64) 1.330338716507
10800 0.5359375 0.3984375 2.3430879879434365 tensor(0.8251, device='cuda:0', dtype=torch.float64) 1.348251461983
10850 0.5609375 0.3359375 2.3287274351085965 tensor(0.6822, device='cuda:0', dtype=torch.float64) 1.322152972221
10900 0.553125 0.4140625 2.433892049439547 tensor(0.8499, device='cuda:0', dtype=torch.float64) 1.332087874413
10950 0.5546875 0.390625 2.39978296155121 tensor(0.8401, device='cuda:0', dtype=torch.float64) 1.332736015320
11000 0.5421875 0.359375 2.3653904990464136 tensor(0.7407, device='cuda:0', dtype=torch.float64) 1.332398056984
11050 0.559375 0.3359375 2.318153670606101 tensor(0.7109, device='cuda:0', dtype=torch.float64) 1.330538868904
11100 0.565625 0.4375 2.4454017073866385 tensor(0.9185, device='cuda:0', dtype=torch.float64) 1.325283885002
11150 0.5296875 0.390625 2.3119592134415696 tensor(0.8325, device='cuda:0', dtype=torch.float64) 1.340887308121
11200 0.5796875 0.3671875 2.3782932773487415 tensor(0.7710, device='cuda:0', dtype=torch.float64) 1.314134478569
11250 0.5953125 0.3671875 2.354623612610764 tensor(0.7801, device='cuda:0', dtype=torch.float64) 1.301718115807
11300 0.5890625 0.3984375 2.394285227661637 tensor(0.8472, device='cuda:0', dtype=torch.float64) 1.303280115128
11350 0.584375 0.3359375 2.3364939828036526 tensor(0.7000, device='cuda:0', dtype=torch.float64) 1.302384972572
11400 0.575 0.390625 2.420809141895284 tensor(0.8558, device='cuda:0', dtype=torch.float64) 1.317711472511
11450 0.590625 0.4140625 2.3858766401422353 tensor(0.8757, device='cuda:0', dtype=torch.float64) 1.308004021645
11500 0.603125 0.34375 2.4565822261703083 tensor(0.7477, device='cuda:0', dtype=torch.float64) 1.301734209061
11550 0.5671875 0.25 2.446677233952099 tensor(0.5421, device='cuda:0', dtype=torch.float64) 1.315615534782
11600 0.5625 0.3984375 2.3541573133282414 tensor(0.8313, device='cuda:0', dtype=torch.float64) 1.317254662514
11650 0.578125 0.46875 2.3818808659806456 tensor(1.0106, device='cuda:0', dtype=torch.float64) 1.313973784447
11700 0.5578125 0.375 2.362168423403421 tensor(0.8366, device='cuda:0', dtype=torch.float64) 1.342249751091
11750 0.559375 0.3359375 2.292001941966075 tensor(0.7009, device='cuda:0', dtype=torch.float64) 1.314667940140
11800 0.5765625 0.484375 2.310053325891634 tensor(0.9933, device='cuda:0', dtype=torch.float64) 1.305553674698
11850 0.559375 0.40625 2.3084108958695135 tensor(0.8210, device='cuda:0', dtype=torch.float64) 1.320617198944
11900 0.5625 0.3515625 2.3308153463497145 tensor(0.7449, device='cuda:0', dtype=torch.float64) 1.330447912216
11950 0.5734375 0.375 2.271948319818806 tensor(0.7629, device='cuda:0', dtype=torch.float64) 1.313700795174
12000 0.5390625 0.296875 2.513519276434023 tensor(0.6326, device='cuda:0', dtype=torch.float64) 1.337598562241
12050 0.559375 0.3515625 2.3203646693777156 tensor(0.7551, device='cuda:0', dtype=torch.float64) 1.316069364548
12100 0.5703125 0.359375 2.314549868876057 tensor(0.7666, device='cuda:0', dtype=torch.float64) 1.325627088547
12150 0.5359375 0.390625 2.364488650533449 tensor(0.8297, device='cuda:0', dtype=torch.float64) 1.344609260559
12200 0.5515625 0.4375 2.447688372549074 tensor(0.9526, device='cuda:0', dtype=torch.float64) 1.340239644051
12250 0.5578125 0.3671875 2.3413854637810294 tensor(0.7634, device='cuda:0', dtype=torch.float64) 1.320316314697
12300 0.575 0.4296875 2.38150146351841 tensor(0.9087, device='cuda:0', dtype=torch.float64) 1.312037229538
12350 0.5671875 0.4375 2.3324032733246782 tensor(0.9333, device='cuda:0', dtype=torch.float64) 1.327371835709
12400 0.5625 0.4140625 2.340344058257981 tensor(0.8730, device='cuda:0', dtype=torch.float64) 1.321600198746
12450 0.5484375 0.3828125 2.3650950055746436 tensor(0.8071, device='cuda:0', dtype=torch.float64) 1.342509269714
12500 0.5453125 0.359375 2.3895024644819203 tensor(0.7878, device='cuda:0', dtype=torch.float64) 1.339567303658
12550 0.5859375 0.4921875 2.4081902828323636 tensor(1.0553, device='cuda:0', dtype=torch.float64) 1.308733344078
12600 0.584375 0.359375 2.4574536554167374 tensor(0.8042, device='cuda:0', dtype=torch.float64) 1.310096740723
12650 0.5421875 0.3359375 2.390762191692063 tensor(0.7016, device='cuda:0', dtype=torch.float64) 1.333667516708
12700 0.5703125 0.4140625 2.366775982034665 tensor(0.8412, device='cuda:0', dtype=torch.float64) 1.317658782005
12750 0.5515625 0.3828125 2.3012747179245836 tensor(0.7854, device='cuda:0', dtype=torch.float64) 1.334932684898
12800 0.5546875 0.3046875 2.422188128466078 tensor(0.6451, device='cuda:0', dtype=torch.float64) 1.340713381767
12850 0.54375 0.4453125 2.321299498807938 tensor(0.9282, device='cuda:0', dtype=torch.float64) 1.326686263084
12900 0.55625 0.421875 2.4001069127598758 tensor(0.8968, device='cuda:0', dtype=torch.float64) 1.325685143471
12950 0.5484375 0.4140625 2.343529739709116 tensor(0.8566, device='cuda:0', dtype=torch.float64) 1.334048032761
13000 0.5859375 0.3203125 2.4400688641090005 tensor(0.7079, device='cuda:0', dtype=torch.float64) 1.319771409035
13050 0.575 0.3046875 2.3522019359684156 tensor(0.6524, device='cuda:0', dtype=torch.float64) 1.314154386520
13100 0.5546875 0.4609375 2.3777636633757426 tensor(0.9800, device='cuda:0', dtype=torch.float64) 1.324607729912
13150 0.559375 0.4453125 2.3487710598701605 tensor(0.9342, device='cuda:0', dtype=torch.float64) 1.336064815521
13200 0.575 0.390625 2.333134239643967 tensor(0.8396, device='cuda:0', dtype=torch.float64) 1.320211410522
13250 0.5671875 0.421875 2.4015967889836576 tensor(0.8520, device='cuda:0', dtype=torch.float64) 1.321819543839
13300 0.596875 0.4296875 2.2772738683176112 tensor(0.8891, device='cuda:0', dtype=torch.float64) 1.308954954147
13350 0.5734375 0.3671875 2.3356342861175294 tensor(0.7923, device='cuda:0', dtype=torch.float64) 1.313402414322
13400 0.565625 0.421875 2.372107257563558 tensor(0.9024, device='cuda:0', dtype=torch.float64) 1.328682661057
13450 0.5484375 0.390625 2.3342159783621224 tensor(0.8445, device='cuda:0', dtype=torch.float64) 1.340078592300
13500 0.534375 0.359375 2.414390056602725 tensor(0.7539, device='cuda:0', dtype=torch.float64) 1.350819349289
13550 0.540625 0.421875 2.2955415906343233 tensor(0.8543, device='cuda:0', dtype=torch.float64) 1.338957548141
13600 0.55625 0.421875 2.392521026025257 tensor(0.9210, device='cuda:0', dtype=torch.float64) 1.328830957413
13650 0.5453125 0.3984375 2.412620588516186 tensor(0.8629, device='cuda:0', dtype=torch.float64) 1.344091057777
13700 0.5390625 0.4375 2.3282727584578646 tensor(0.9047, device='cuda:0', dtype=torch.float64) 1.350006341934
13750 0.5609375 0.4375 2.3764833097619875 tensor(0.9595, device='cuda:0', dtype=torch.float64) 1.320442318916
13800 0.5421875 0.359375 2.349427398446389 tensor(0.7391, device='cuda:0', dtype=torch.float64) 1.348218679428
13850 0.5484375 0.4296875 2.3598163066555333 tensor(0.8608, device='cuda:0', dtype=torch.float64) 1.334741353989
13900 0.5578125 0.3359375 2.4268852065509656 tensor(0.7018, device='cuda:0', dtype=torch.float64) 1.322390079498
13950 0.5671875 0.3828125 2.316558635158021 tensor(0.7816, device='cuda:0', dtype=torch.float64) 1.320659875870
14000 0.5484375 0.4140625 2.3014454616419884 tensor(0.8849, device='cuda:0', dtype=torch.float64) 1.342344522476
14050 0.553125 0.3828125 2.3488469795274596 tensor(0.8321, device='cuda:0', dtype=torch.float64) 1.334978222847
14100 0.578125 0.4375 2.298469122481238 tensor(0.9235, device='cuda:0', dtype=torch.float64) 1.311007380486
14150 0.575 0.3515625 2.4044043969860263 tensor(0.7350, device='cuda:0', dtype=torch.float64) 1.313396692276
14200 0.540625 0.3984375 2.389982594041972 tensor(0.8354, device='cuda:0', dtype=torch.float64) 1.336241483688
14250 0.559375 0.3984375 2.3888858950306453 tensor(0.8324, device='cuda:0', dtype=torch.float64) 1.330855369568
14300 0.5921875 0.3671875 2.4536262871541914 tensor(0.8206, device='cuda:0', dtype=torch.float64) 1.310465455055
14350 0.5734375 0.359375 2.4116062422650804 tensor(0.8137, device='cuda:0', dtype=torch.float64) 1.316207647324
14400 0.59375 0.3671875 2.352162033829541 tensor(0.7501, device='cuda:0', dtype=torch.float64) 1.309271574020
14450 0.5453125 0.3828125 2.3902057989096903 tensor(0.8250, device='cuda:0', dtype=torch.float64) 1.334409475327
14500 0.5296875 0.3984375 2.4050920022469593 tensor(0.8577, device='cuda:0', dtype=torch.float64) 1.348940849304
14550 0.559375 0.4140625 2.331997981758857 tensor(0.8763, device='cuda:0', dtype=torch.float64) 1.320087432861
14600 0.575 0.3359375 2.3810801023946526 tensor(0.7296, device='cuda:0', dtype=torch.float64) 1.311545968056
14650 0.5515625 0.4453125 2.357274276084506 tensor(0.9325, device='cuda:0', dtype=torch.float64) 1.320254087448
14700 0.5796875 0.390625 2.4304344188191016 tensor(0.8650, device='cuda:0', dtype=torch.float64) 1.318095445633
14750 0.5890625 0.4609375 2.3300321241738384 tensor(0.9964, device='cuda:0', dtype=torch.float64) 1.317396521568
14800 0.55 0.390625 2.3389826792861776 tensor(0.8302, device='cuda:0', dtype=torch.float64) 1.329434871674
14850 0.60625 0.3515625 2.3037061365175355 tensor(0.7285, device='cuda:0', dtype=torch.float64) 1.282158136368
14900 0.5375 0.421875 2.4689189036434813 tensor(0.9486, device='cuda:0', dtype=torch.float64) 1.341410636902
14950 0.565625 0.3984375 2.291138789834288 tensor(0.8310, device='cuda:0', dtype=torch.float64) 1.314728498459
15000 0.5984375 0.484375 2.413910203385296 tensor(1.0852, device='cuda:0', dtype=torch.float64) 1.299385666847
15050 0.584375 0.3671875 2.425316242767525 tensor(0.8164, device='cuda:0', dtype=torch.float64) 1.309607744217
15100 0.5375 0.34375 2.3979982027735036 tensor(0.7386, device='cuda:0', dtype=torch.float64) 1.347388029099
15150 0.5796875 0.3828125 2.367165868279987 tensor(0.8278, device='cuda:0', dtype=torch.float64) 1.313582539558
15200 0.559375 0.4375 2.3608002523046765 tensor(0.9597, device='cuda:0', dtype=torch.float64) 1.322085261345
15250 0.540625 0.453125 2.340200408933868 tensor(0.9432, device='cuda:0', dtype=torch.float64) 1.335709929466
15300 0.578125 0.3203125 2.2776913423278136 tensor(0.6562, device='cuda:0', dtype=torch.float64) 1.317344427109
15350 0.5421875 0.328125 2.3824971697665904 tensor(0.7075, device='cuda:0', dtype=torch.float64) 1.339102387428
15400 0.5890625 0.46875 2.328355372383634 tensor(0.9774, device='cuda:0', dtype=torch.float64) 1.305444240570
15450 0.571875 0.3515625 2.3267450904335667 tensor(0.7345, device='cuda:0', dtype=torch.float64) 1.297187447548
15500 0.565625 0.390625 2.2799357330541135 tensor(0.8232, device='cuda:0', dtype=torch.float64) 1.319843292236
15550 0.5515625 0.4375 2.330507036239015 tensor(0.9000, device='cuda:0', dtype=torch.float64) 1.338693141937
15600 0.5578125 0.3515625 2.3415090471919426 tensor(0.7508, device='cuda:0', dtype=torch.float64) 1.338380694389
15650 0.5734375 0.3046875 2.3792161726568573 tensor(0.6718, device='cuda:0', dtype=torch.float64) 1.315710783005
15700 0.553125 0.375 2.367636211310794 tensor(0.8275, device='cuda:0', dtype=torch.float64) 1.331753373146
15750 0.5375 0.34375 2.4429860632940796 tensor(0.7292, device='cuda:0', dtype=torch.float64) 1.332438588142
15800 0.584375 0.453125 2.366767658676585 tensor(0.9489, device='cuda:0', dtype=torch.float64) 1.315495491028
15850 0.5671875 0.3515625 2.3228842866869104 tensor(0.7563, device='cuda:0', dtype=torch.float64) 1.321826815605
15900 0.5515625 0.3515625 2.367621255056179 tensor(0.7549, device='cuda:0', dtype=torch.float64) 1.331051945686
15950 0.559375 0.3203125 2.3559350691488965 tensor(0.6992, device='cuda:0', dtype=torch.float64) 1.317403554916
16000 0.5546875 0.46875 2.4099230042444524 tensor(0.9635, device='cuda:0', dtype=torch.float64) 1.325399875641
16050 0.571875 0.34375 2.3744280857191784 tensor(0.7001, device='cuda:0', dtype=torch.float64) 1.311979651451
16100 0.571875 0.3984375 2.3566819093375138 tensor(0.8233, device='cuda:0', dtype=torch.float64) 1.317813038826
16150 0.55625 0.40625 2.3371847499583294 tensor(0.8511, device='cuda:0', dtype=torch.float64) 1.325664758682
16200 0.53125 0.3515625 2.341528951822859 tensor(0.7468, device='cuda:0', dtype=torch.float64) 1.352691888809
16250 0.5796875 0.3984375 2.414549299219153 tensor(0.8354, device='cuda:0', dtype=torch.float64) 1.310000777245
16300 0.553125 0.359375 2.395286183391621 tensor(0.7381, device='cuda:0', dtype=torch.float64) 1.329990386963
16350 0.525 0.484375 2.4153519191059063 tensor(1.0572, device='cuda:0', dtype=torch.float64) 1.349137544632
16400 0.590625 0.359375 2.3668174742933727 tensor(0.7913, device='cuda:0', dtype=torch.float64) 1.302290916443
16450 0.5578125 0.3359375 2.351126121103525 tensor(0.7328, device='cuda:0', dtype=torch.float64) 1.334249734879
16500 0.540625 0.2890625 2.3532486340346024 tensor(0.6049, device='cuda:0', dtype=torch.float64) 1.338352084160
16550 0.5671875 0.4140625 2.3142929215475587 tensor(0.8924, device='cuda:0', dtype=torch.float64) 1.303513050079
16600 0.578125 0.4609375 2.3071187395711767 tensor(0.9953, device='cuda:0', dtype=torch.float64) 1.313084244728
16650 0.54375 0.4296875 2.3798691484793624 tensor(0.9192, device='cuda:0', dtype=torch.float64) 1.345288395882
16700 0.553125 0.484375 2.4232644676891124 tensor(1.0392, device='cuda:0', dtype=torch.float64) 1.331840038300
16750 0.5390625 0.3046875 2.351661192302628 tensor(0.6448, device='cuda:0', dtype=torch.float64) 1.339145064354
16800 0.59375 0.3515625 2.3731084183568214 tensor(0.7712, device='cuda:0', dtype=torch.float64) 1.307233095169
16850 0.5578125 0.3359375 2.276151327468141 tensor(0.7092, device='cuda:0', dtype=torch.float64) 1.319966077805
16900 0.55625 0.453125 2.289674713352458 tensor(0.9164, device='cuda:0', dtype=torch.float64) 1.330402135849
16950 0.5953125 0.390625 2.3535638182571876 tensor(0.7923, device='cuda:0', dtype=torch.float64) 1.302481055260
17000 0.571875 0.3359375 2.3745278456156127 tensor(0.6880, device='cuda:0', dtype=torch.float64) 1.314614057541
17050 0.5640625 0.3359375 2.4393952915654706 tensor(0.7378, device='cuda:0', dtype=torch.float64) 1.319726228714
17100 0.534375 0.359375 2.4022205063497153 tensor(0.7594, device='cuda:0', dtype=torch.float64) 1.338646888733
17150 0.590625 0.390625 2.306050182920399 tensor(0.8285, device='cuda:0', dtype=torch.float64) 1.303368806839
17200 0.5328125 0.265625 2.2698574492995096 tensor(0.5445, device='cuda:0', dtype=torch.float64) 1.348457098007
17250 0.559375 0.328125 2.331633982612555 tensor(0.7082, device='cuda:0', dtype=torch.float64) 1.323143005371
17300 0.61875 0.4453125 2.4608297609830148 tensor(0.9686, device='cuda:0', dtype=torch.float64) 1.283094048500
17350 0.565625 0.421875 2.384230796196541 tensor(0.9127, device='cuda:0', dtype=torch.float64) 1.320939898491
17400 0.5828125 0.4375 2.2797342861296777 tensor(0.9209, device='cuda:0', dtype=torch.float64) 1.304960131645
17450 0.5984375 0.4296875 2.3257703732031056 tensor(0.9054, device='cuda:0', dtype=torch.float64) 1.294252514839
17500 0.5734375 0.4609375 2.277818714834938 tensor(0.9675, device='cuda:0', dtype=torch.float64) 1.327934026718
17550 0.578125 0.3671875 2.2547295716765756 tensor(0.7510, device='cuda:0', dtype=torch.float64) 1.309429645538
17600 0.6 0.3671875 2.336130363963266 tensor(0.8191, device='cuda:0', dtype=torch.float64) 1.284765601158
17650 0.575 0.359375 2.2827436052171373 tensor(0.7642, device='cuda:0', dtype=torch.float64) 1.313253164291
17700 0.5640625 0.453125 2.340719289269457 tensor(0.9583, device='cuda:0', dtype=torch.float64) 1.315005540848
17750 0.5984375 0.453125 2.308006689952755 tensor(0.9979, device='cuda:0', dtype=torch.float64) 1.302034497261
17800 0.5953125 0.4375 2.241730550636943 tensor(0.9026, device='cuda:0', dtype=torch.float64) 1.308141350746
17850 0.63125 0.4140625 2.312451696602195 tensor(0.9052, device='cuda:0', dtype=torch.float64) 1.267251849174
17900 0.609375 0.390625 2.3394112615251386 tensor(0.8495, device='cuda:0', dtype=torch.float64) 1.280721306801
17950 0.6140625 0.3984375 2.2779189936787443 tensor(0.8226, device='cuda:0', dtype=torch.float64) 1.282902479172
18000 0.628125 0.40625 2.2742404562652294 tensor(0.8750, device='cuda:0', dtype=torch.float64) 1.272716403008
18050 0.64375 0.34375 2.2572524901704347 tensor(0.7454, device='cuda:0', dtype=torch.float64) 1.239795446396
18100 0.6453125 0.4140625 2.3228201696039164 tensor(0.8975, device='cuda:0', dtype=torch.float64) 1.247883796692
18150 0.640625 0.3984375 2.310928847922737 tensor(0.8638, device='cuda:0', dtype=torch.float64) 1.258671522141
18200 0.646875 0.4140625 2.246114785626354 tensor(0.8546, device='cuda:0', dtype=torch.float64) 1.259179592133
18250 0.6265625 0.4765625 2.2744200346448333 tensor(1.0016, device='cuda:0', dtype=torch.float64) 1.280585050583
18300 0.5921875 0.3828125 2.3138589342569724 tensor(0.8263, device='cuda:0', dtype=torch.float64) 1.299283623695
18350 0.5921875 0.375 2.2286826692716737 tensor(0.7799, device='cuda:0', dtype=torch.float64) 1.299793958664
18400 0.628125 0.453125 2.273254932819206 tensor(0.9643, device='cuda:0', dtype=torch.float64) 1.267865896225
18450 0.7015625 0.4296875 2.2882907678471955 tensor(0.9192, device='cuda:0', dtype=torch.float64) 1.215340375900
18500 0.6453125 0.4765625 2.3144014857815964 tensor(1.0416, device='cuda:0', dtype=torch.float64) 1.255812406540
18550 0.6265625 0.4609375 2.217497225641288 tensor(0.9648, device='cuda:0', dtype=torch.float64) 1.264159679413
18600 0.6515625 0.453125 2.2415002619957165 tensor(0.9589, device='cuda:0', dtype=torch.float64) 1.240445733070
18650 0.646875 0.40625 2.2877537198724482 tensor(0.8931, device='cuda:0', dtype=torch.float64) 1.256541371346
18700 0.6640625 0.4609375 2.2555011549589548 tensor(0.9958, device='cuda:0', dtype=torch.float64) 1.246804714203
18750 0.7046875 0.484375 2.2343900726006773 tensor(1.0211, device='cuda:0', dtype=torch.float64) 1.198248147964
18800 0.665625 0.4453125 2.256657556588073 tensor(0.9815, device='cuda:0', dtype=torch.float64) 1.236632704735
18850 0.725 0.4765625 2.176671020837355 tensor(1.0333, device='cuda:0', dtype=torch.float64) 1.188740491867
18900 0.6515625 0.4921875 2.2695984282964985 tensor(1.0129, device='cuda:0', dtype=torch.float64) 1.245285749435
18950 0.6484375 0.515625 2.2767392786877623 tensor(1.1053, device='cuda:0', dtype=torch.float64) 1.242739200592
19000 0.6875 0.484375 2.1904451163609804 tensor(1.0362, device='cuda:0', dtype=torch.float64) 1.222746610641
19050 0.6546875 0.4609375 2.2537045562397426 tensor(1.0048, device='cuda:0', dtype=torch.float64) 1.241397500038
19100 0.6359375 0.4921875 2.280811848442629 tensor(1.0688, device='cuda:0', dtype=torch.float64) 1.273412108421
19150 0.684375 0.4765625 2.260320239313725 tensor(1.0298, device='cuda:0', dtype=torch.float64) 1.217024564743
19200 0.640625 0.4296875 2.2549490271086507 tensor(0.9498, device='cuda:0', dtype=torch.float64) 1.259597182274
19250 0.703125 0.484375 2.2331522604186693 tensor(1.0384, device='cuda:0', dtype=torch.float64) 1.197024703026
19300 0.66875 0.46875 2.218727244197053 tensor(0.9745, device='cuda:0', dtype=torch.float64) 1.233228564262
19350 0.6703125 0.4609375 2.2356857844444518 tensor(1.0149, device='cuda:0', dtype=torch.float64) 1.232257604599
19400 0.66875 0.46875 2.1684188296459332 tensor(0.9868, device='cuda:0', dtype=torch.float64) 1.231331467628
19450 0.7171875 0.5390625 2.1352367516542423 tensor(1.1299, device='cuda:0', dtype=torch.float64) 1.189198136330
19500 0.6609375 0.4375 2.2949647541957257 tensor(0.9316, device='cuda:0', dtype=torch.float64) 1.233176469803
19550 0.725 0.5 2.2924142511267966 tensor(1.1249, device='cuda:0', dtype=torch.float64) 1.187348604202
19600 0.6671875 0.46875 2.2058524880099593 tensor(0.9772, device='cuda:0', dtype=torch.float64) 1.230824232101
19650 0.6859375 0.609375 2.23487887376598 tensor(1.3303, device='cuda:0', dtype=torch.float64) 1.212241172791
19700 0.6875 0.4609375 2.219551583818498 tensor(1.0233, device='cuda:0', dtype=torch.float64) 1.217956185341
19750 0.6375 0.5546875 2.1697477049047698 tensor(1.1514, device='cuda:0', dtype=torch.float64) 1.258963108063
19800 0.653125 0.484375 2.206234018295369 tensor(1.0631, device='cuda:0', dtype=torch.float64) 1.245682597160
19850 0.7140625 0.5 2.2109067335156336 tensor(1.0890, device='cuda:0', dtype=torch.float64) 1.201542973518
19900 0.6546875 0.53125 2.209550668558924 tensor(1.1038, device='cuda:0', dtype=torch.float64) 1.238727092743
19950 0.675 0.5234375 2.1959401163489867 tensor(1.1197, device='cuda:0', dtype=torch.float64) 1.224110245705
20000 0.696875 0.6171875 2.2301508309123044 tensor(1.3183, device='cuda:0', dtype=torch.float64) 1.218436241150
20050 0.671875 0.4609375 2.2444539138712356 tensor(0.9959, device='cuda:0', dtype=torch.float64) 1.223668813705
20100 0.6734375 0.5390625 2.2248056250591124 tensor(1.1627, device='cuda:0', dtype=torch.float64) 1.221668362617
20150 0.6765625 0.53125 2.2508277408421753 tensor(1.1445, device='cuda:0', dtype=torch.float64) 1.224237680435
20200 0.7203125 0.5234375 2.2022171263102885 tensor(1.1212, device='cuda:0', dtype=torch.float64) 1.182498455048
20250 0.653125 0.5234375 2.254599670032568 tensor(1.1584, device='cuda:0', dtype=torch.float64) 1.251003146172
20300 0.703125 0.5234375 2.20066946266191 tensor(1.1239, device='cuda:0', dtype=torch.float64) 1.193765401840
20350 0.696875 0.5234375 2.279515621886059 tensor(1.1658, device='cuda:0', dtype=torch.float64) 1.201655745506
20400 0.6875 0.5078125 2.188041833988658 tensor(1.0963, device='cuda:0', dtype=torch.float64) 1.207853555679
20450 0.703125 0.4921875 2.209532899562297 tensor(1.0668, device='cuda:0', dtype=torch.float64) 1.193198800087
20500 0.6984375 0.53125 2.184119224138412 tensor(1.1271, device='cuda:0', dtype=torch.float64) 1.206154704094
20550 0.6953125 0.6015625 2.1658266708811866 tensor(1.2602, device='cuda:0', dtype=torch.float64) 1.211633682251
20600 0.6984375 0.5390625 2.226647888517987 tensor(1.1852, device='cuda:0', dtype=torch.float64) 1.206664800644
20650 0.65 0.640625 2.237549658553409 tensor(1.3987, device='cuda:0', dtype=torch.float64) 1.253017425537
20700 0.7 0.6171875 2.2078001079018144 tensor(1.2899, device='cuda:0', dtype=torch.float64) 1.203479170799
20750 0.709375 0.6328125 2.2227030948898308 tensor(1.3638, device='cuda:0', dtype=torch.float64) 1.192421436310
20800 0.6828125 0.5078125 2.2216608782926044 tensor(1.0759, device='cuda:0', dtype=torch.float64) 1.218657016754
20850 0.690625 0.4921875 2.2092766053782213 tensor(1.0330, device='cuda:0', dtype=torch.float64) 1.204934358597
20900 0.703125 0.6484375 2.210265927623642 tensor(1.4030, device='cuda:0', dtype=torch.float64) 1.196905732155
20950 0.709375 0.6015625 2.2297240780354737 tensor(1.3015, device='cuda:0', dtype=torch.float64) 1.192710161209
21000 0.7 0.5859375 2.2340074439892423 tensor(1.2613, device='cuda:0', dtype=torch.float64) 1.190621256828
21050 0.7109375 0.6171875 2.2145914518956995 tensor(1.3201, device='cuda:0', dtype=torch.float64) 1.198192834854
21100 0.703125 0.6171875 2.2435593466141084 tensor(1.3836, device='cuda:0', dtype=torch.float64) 1.198062419891
21150 0.7203125 0.5703125 2.2321116628030437 tensor(1.2354, device='cuda:0', dtype=torch.float64) 1.178635358810
21200 0.74375 0.578125 2.186401285644514 tensor(1.2305, device='cuda:0', dtype=torch.float64) 1.167037010193
21250 0.6625 0.5703125 2.2236377932948614 tensor(1.2382, device='cuda:0', dtype=torch.float64) 1.241318583488
21300 0.721875 0.5234375 2.1793400891069683 tensor(1.0921, device='cuda:0', dtype=torch.float64) 1.186910271645
21350 0.6953125 0.6015625 2.169622757676981 tensor(1.2632, device='cuda:0', dtype=torch.float64) 1.213101744652
21400 0.6421875 0.5 2.2381676913069612 tensor(1.0912, device='cuda:0', dtype=torch.float64) 1.245317697525
21450 0.7578125 0.625 2.2408375314681646 tensor(1.3580, device='cuda:0', dtype=torch.float64) 1.144273281097
21500 0.74375 0.6015625 2.2471255125613228 tensor(1.3295, device='cuda:0', dtype=torch.float64) 1.166282057762
21550 0.6828125 0.640625 2.2186027070216845 tensor(1.4026, device='cuda:0', dtype=torch.float64) 1.218028306961
21600 0.7015625 0.6328125 2.1609819190986923 tensor(1.3242, device='cuda:0', dtype=torch.float64) 1.199794769287
21650 0.703125 0.65625 2.1567412657522538 tensor(1.3802, device='cuda:0', dtype=torch.float64) 1.202497720718
21700 0.7578125 0.6484375 2.190757992364382 tensor(1.3928, device='cuda:0', dtype=torch.float64) 1.142108917236
21750 0.6921875 0.5625 2.172156156330965 tensor(1.1611, device='cuda:0', dtype=torch.float64) 1.212759256363
21800 0.728125 0.625 2.1548950078275304 tensor(1.3228, device='cuda:0', dtype=torch.float64) 1.178807497025
21850 0.6734375 0.5546875 2.190730454155468 tensor(1.2041, device='cuda:0', dtype=torch.float64) 1.221585631371
21900 0.703125 0.6484375 2.239550697663451 tensor(1.4233, device='cuda:0', dtype=torch.float64) 1.202417612076
21950 0.7578125 0.609375 2.1975656253843443 tensor(1.3197, device='cuda:0', dtype=torch.float64) 1.152799248695
22000 0.7046875 0.6171875 2.1914087856658435 tensor(1.3338, device='cuda:0', dtype=torch.float64) 1.198226928711
22050 0.725 0.59375 2.25659372491424 tensor(1.2775, device='cuda:0', dtype=torch.float64) 1.175408601761
22100 0.6984375 0.5703125 2.13193699612706 tensor(1.2079, device='cuda:0', dtype=torch.float64) 1.202614545822
22150 0.6875 0.6796875 2.2162814338725654 tensor(1.5148, device='cuda:0', dtype=torch.float64) 1.212828636169
22200 0.70625 0.609375 2.2437834153413294 tensor(1.3347, device='cuda:0', dtype=torch.float64) 1.193739414215
22250 0.7390625 0.6796875 2.1889516952609402 tensor(1.4500, device='cuda:0', dtype=torch.float64) 1.158498525620
22300 0.7 0.640625 2.1847234939203193 tensor(1.3567, device='cuda:0', dtype=torch.float64) 1.198572278023
22350 0.69375 0.5625 2.195131485369092 tensor(1.2079, device='cuda:0', dtype=torch.float64) 1.202979683876
22400 0.759375 0.65625 2.1356841946157146 tensor(1.4164, device='cuda:0', dtype=torch.float64) 1.149312853813
22450 0.6921875 0.640625 2.199040934732223 tensor(1.3557, device='cuda:0', dtype=torch.float64) 1.203436732292
22500 0.7296875 0.6015625 2.180742688035648 tensor(1.3105, device='cuda:0', dtype=torch.float64) 1.167773008347
22550 0.696875 0.625 2.206170597925869 tensor(1.3418, device='cuda:0', dtype=torch.float64) 1.203629970551
22600 0.721875 0.6328125 2.146869290607254 tensor(1.3717, device='cuda:0', dtype=torch.float64) 1.176284790039
22650 0.703125 0.609375 2.1696642199241616 tensor(1.3207, device='cuda:0', dtype=torch.float64) 1.197644829750
22700 0.7484375 0.6953125 2.180802780013585 tensor(1.5105, device='cuda:0', dtype=torch.float64) 1.158553004265
22750 0.753125 0.7421875 2.1758306883404366 tensor(1.6013, device='cuda:0', dtype=torch.float64) 1.157219648361
22800 0.703125 0.609375 2.1610659010486977 tensor(1.2808, device='cuda:0', dtype=torch.float64) 1.205836176872
22850 0.7203125 0.609375 2.159657617019235 tensor(1.3030, device='cuda:0', dtype=torch.float64) 1.191045522690
22900 0.7265625 0.6640625 2.1755851858938153 tensor(1.4476, device='cuda:0', dtype=torch.float64) 1.183454871178
22950 0.7296875 0.6640625 2.147987962199888 tensor(1.3838, device='cuda:0', dtype=torch.float64) 1.170428991318
23000 0.721875 0.625 2.221128860581265 tensor(1.3344, device='cuda:0', dtype=torch.float64) 1.175270080566
23050 0.7328125 0.6640625 2.116916532648994 tensor(1.3749, device='cuda:0', dtype=torch.float64) 1.172958374023
23100 0.7171875 0.765625 2.1785930596943337 tensor(1.6383, device='cuda:0', dtype=torch.float64) 1.188960313797
23150 0.7515625 0.7109375 2.2311177796935526 tensor(1.5550, device='cuda:0', dtype=torch.float64) 1.152539253235
23200 0.7296875 0.640625 2.31595726963461 tensor(1.3882, device='cuda:0', dtype=torch.float64) 1.172806501389
23250 0.6953125 0.640625 2.168266292221609 tensor(1.3814, device='cuda:0', dtype=torch.float64) 1.213594317436
23300 0.740625 0.7421875 2.1504331331694564 tensor(1.5768, device='cuda:0', dtype=torch.float64) 1.165261268616
23350 0.721875 0.671875 2.1470080768101907 tensor(1.4478, device='cuda:0', dtype=torch.float64) 1.190795063972
23400 0.7234375 0.6328125 2.206574634999308 tensor(1.3730, device='cuda:0', dtype=torch.float64) 1.180842161179
23450 0.765625 0.6796875 2.2030088488240174 tensor(1.4792, device='cuda:0', dtype=torch.float64) 1.141854286194
23500 0.7359375 0.6328125 2.187872194980399 tensor(1.3594, device='cuda:0', dtype=torch.float64) 1.167369127274
23550 0.70625 0.6328125 2.2270476990027928 tensor(1.3580, device='cuda:0', dtype=torch.float64) 1.192537426949
23600 0.7546875 0.71875 2.147687782299867 tensor(1.5378, device='cuda:0', dtype=torch.float64) 1.146489620209
23650 0.740625 0.703125 2.210279873296057 tensor(1.5099, device='cuda:0', dtype=torch.float64) 1.162667989731
23700 0.7421875 0.6953125 2.202936078047047 tensor(1.5312, device='cuda:0', dtype=torch.float64) 1.163513898849
23750 0.7765625 0.7109375 2.1790741016594963 tensor(1.4926, device='cuda:0', dtype=torch.float64) 1.127697825432
23800 0.7296875 0.6171875 2.212716647306143 tensor(1.3190, device='cuda:0', dtype=torch.float64) 1.171295762062
23850 0.73125 0.7265625 2.172363860512816 tensor(1.5556, device='cuda:0', dtype=torch.float64) 1.180702924728
23900 0.7359375 0.6328125 2.1627708500586054 tensor(1.3505, device='cuda:0', dtype=torch.float64) 1.164195418358
23950 0.75 0.6875 2.216699745974837 tensor(1.5171, device='cuda:0', dtype=torch.float64) 1.149106264114
24000 0.7453125 0.7890625 2.1821840477027616 tensor(1.7073, device='cuda:0', dtype=torch.float64) 1.163439273834
24050 0.7484375 0.6953125 2.2046313615255966 tensor(1.4945, device='cuda:0', dtype=torch.float64) 1.155319929123
24100 0.7296875 0.65625 2.1716538560178207 tensor(1.4159, device='cuda:0', dtype=torch.float64) 1.175739407539
24150 0.7875 0.734375 2.169282398524418 tensor(1.5886, device='cuda:0', dtype=torch.float64) 1.124772787094
24200 0.759375 0.6875 2.196660527501569 tensor(1.4682, device='cuda:0', dtype=torch.float64) 1.144742727280
24250 0.7609375 0.7734375 2.192661396136214 tensor(1.6666, device='cuda:0', dtype=torch.float64) 1.151624083519
24300 0.7921875 0.7109375 2.240576526508731 tensor(1.5834, device='cuda:0', dtype=torch.float64) 1.115759611130
24350 0.7375 0.640625 2.1722023507036963 tensor(1.3755, device='cuda:0', dtype=torch.float64) 1.165110588074
24400 0.734375 0.6953125 2.1954175908140607 tensor(1.4996, device='cuda:0', dtype=torch.float64) 1.173999667168
24450 0.7375 0.71875 2.2099693695047957 tensor(1.5263, device='cuda:0', dtype=torch.float64) 1.167431235313
24500 0.7 0.7578125 2.16259037804018 tensor(1.5842, device='cuda:0', dtype=torch.float64) 1.204070687294
24550 0.74375 0.6796875 2.141879493580906 tensor(1.4636, device='cuda:0', dtype=torch.float64) 1.155575990677
24600 0.7484375 0.6875 2.2420414864677918 tensor(1.5010, device='cuda:0', dtype=torch.float64) 1.165900349617
24650 0.71875 0.6015625 2.1731849209223304 tensor(1.3438, device='cuda:0', dtype=torch.float64) 1.176423311234
24700 0.7609375 0.7109375 2.192853580363935 tensor(1.5475, device='cuda:0', dtype=torch.float64) 1.146442532539
24750 0.759375 0.8359375 2.105507631042557 tensor(1.7472, device='cuda:0', dtype=torch.float64) 1.146685838699
24800 0.803125 0.7109375 2.149842455583782 tensor(1.5054, device='cuda:0', dtype=torch.float64) 1.107551574707
24850 0.765625 0.6875 2.1855158232901477 tensor(1.4736, device='cuda:0', dtype=torch.float64) 1.144218921661
24900 0.7578125 0.6640625 2.140155209895043 tensor(1.4070, device='cuda:0', dtype=torch.float64) 1.147254824638
24950 0.75 0.765625 2.2444507963950486 tensor(1.6537, device='cuda:0', dtype=torch.float64) 1.153916001320
25000 0.6921875 0.7734375 2.206430984881104 tensor(1.6680, device='cuda:0', dtype=torch.float64) 1.206105589867
25050 0.7359375 0.6796875 2.1372327081873674 tensor(1.4724, device='cuda:0', dtype=torch.float64) 1.163008570671
25100 0.7515625 0.7890625 2.2053137858449863 tensor(1.7476, device='cuda:0', dtype=torch.float64) 1.154407143593
25150 0.7234375 0.703125 2.167461924372972 tensor(1.5004, device='cuda:0', dtype=torch.float64) 1.183412313461
25200 0.7640625 0.765625 2.201791706250968 tensor(1.6912, device='cuda:0', dtype=torch.float64) 1.145703077316
25250 0.75 0.6953125 2.176673062325103 tensor(1.4886, device='cuda:0', dtype=torch.float64) 1.151106834412
25300 0.778125 0.6953125 2.1723877782917635 tensor(1.4778, device='cuda:0', dtype=torch.float64) 1.124928116798
25350 0.7359375 0.6953125 2.0775986994433215 tensor(1.4476, device='cuda:0', dtype=torch.float64) 1.172332882881
25400 0.7296875 0.7109375 2.155823729019656 tensor(1.5060, device='cuda:0', dtype=torch.float64) 1.174894690514
25450 0.73125 0.7265625 2.151045907571059 tensor(1.5613, device='cuda:0', dtype=torch.float64) 1.164037585258
25500 0.7984375 0.7578125 2.1034313683785215 tensor(1.5776, device='cuda:0', dtype=torch.float64) 1.112638473511
25550 0.74375 0.7109375 2.1260361647305217 tensor(1.4897, device='cuda:0', dtype=torch.float64) 1.148726224899
25600 0.75 0.7109375 2.148325133428464 tensor(1.5508, device='cuda:0', dtype=torch.float64) 1.147372841835
25650 0.73125 0.6875 2.166459204939007 tensor(1.4880, device='cuda:0', dtype=torch.float64) 1.170704126358
25700 0.7265625 0.671875 2.1339843467401995 tensor(1.4319, device='cuda:0', dtype=torch.float64) 1.176364541054
25750 0.79375 0.75 2.215951117241138 tensor(1.6297, device='cuda:0', dtype=torch.float64) 1.107171416283
25800 0.759375 0.71875 2.154791712479065 tensor(1.5257, device='cuda:0', dtype=torch.float64) 1.138626933098
25850 0.7578125 0.6796875 2.2107678723780007 tensor(1.4682, device='cuda:0', dtype=torch.float64) 1.144881606102
25900 0.7359375 0.671875 2.1907858730672514 tensor(1.4479, device='cuda:0', dtype=torch.float64) 1.166012048721
25950 0.725 0.6953125 2.1008034915763045 tensor(1.4560, device='cuda:0', dtype=torch.float64) 1.177975296974
26000 0.7609375 0.703125 2.1784677207477747 tensor(1.5036, device='cuda:0', dtype=torch.float64) 1.135674476624
26050 0.775 0.703125 2.2033055619608612 tensor(1.5463, device='cuda:0', dtype=torch.float64) 1.132468461990
26100 0.7453125 0.734375 2.160344511554199 tensor(1.5840, device='cuda:0', dtype=torch.float64) 1.155119895935
26150 0.7671875 0.7109375 2.1549031011058273 tensor(1.4832, device='cuda:0', dtype=torch.float64) 1.131734251976
26200 0.78125 0.7421875 2.143951909510026 tensor(1.5631, device='cuda:0', dtype=torch.float64) 1.119724154472
26250 0.74375 0.6953125 2.2485787334512035 tensor(1.5143, device='cuda:0', dtype=torch.float64) 1.160208225250
26300 0.7734375 0.7421875 2.210933155016075 tensor(1.6405, device='cuda:0', dtype=torch.float64) 1.135267496109
26350 0.76875 0.78125 2.199846309005709 tensor(1.7118, device='cuda:0', dtype=torch.float64) 1.130919694901
26400 0.73125 0.7265625 2.1311506748014084 tensor(1.5583, device='cuda:0', dtype=torch.float64) 1.174420118332
26450 0.715625 0.7265625 2.148182897128557 tensor(1.5404, device='cuda:0', dtype=torch.float64) 1.191687345505
26500 0.7203125 0.7265625 2.114518343891011 tensor(1.5132, device='cuda:0', dtype=torch.float64) 1.180694341660
26550 0.7609375 0.734375 2.14064658647208 tensor(1.5776, device='cuda:0', dtype=torch.float64) 1.142648458481
26600 0.784375 0.6875 2.185610409482103 tensor(1.5047, device='cuda:0', dtype=torch.float64) 1.118343114853
26650 0.7265625 0.734375 2.1722103764298533 tensor(1.5641, device='cuda:0', dtype=torch.float64) 1.176789164543
26700 0.7890625 0.7265625 2.180291486760007 tensor(1.5894, device='cuda:0', dtype=torch.float64) 1.109911084175
26750 0.753125 0.7109375 2.107023449969156 tensor(1.4802, device='cuda:0', dtype=torch.float64) 1.148738145828
26800 0.7296875 0.71875 2.1387338181267297 tensor(1.5142, device='cuda:0', dtype=torch.float64) 1.172656297684
26850 0.7125 0.7265625 2.0876205779664705 tensor(1.5084, device='cuda:0', dtype=torch.float64) 1.183390498161
26900 0.7359375 0.765625 2.1540754534751145 tensor(1.6321, device='cuda:0', dtype=torch.float64) 1.172940254211
26950 0.7453125 0.6875 2.1761457397846105 tensor(1.4557, device='cuda:0', dtype=torch.float64) 1.162659525871
27000 0.7578125 0.75 2.1964900694602245 tensor(1.6437, device='cuda:0', dtype=torch.float64) 1.144967675209
27050 0.7984375 0.8046875 2.153493739272603 tensor(1.7268, device='cuda:0', dtype=torch.float64) 1.101819157600
27100 0.7765625 0.765625 2.1875705845791837 tensor(1.6840, device='cuda:0', dtype=torch.float64) 1.128718972206
27150 0.75625 0.6796875 2.1882203467393238 tensor(1.4824, device='cuda:0', dtype=torch.float64) 1.142675638199
27200 0.7765625 0.6953125 2.15107650440983 tensor(1.4880, device='cuda:0', dtype=torch.float64) 1.133860468864
27250 0.75 0.78125 2.109384975578908 tensor(1.6363, device='cuda:0', dtype=torch.float64) 1.157554507256
27300 0.775 0.765625 2.1697849981530206 tensor(1.6474, device='cuda:0', dtype=torch.float64) 1.125669240952
27350 0.778125 0.6796875 2.1123089612773747 tensor(1.4095, device='cuda:0', dtype=torch.float64) 1.119640350342
27400 0.8546875 0.796875 2.112171125617668 tensor(1.6971, device='cuda:0', dtype=torch.float64) 1.054556965828
27450 0.790625 0.7421875 2.1469360590075057 tensor(1.5673, device='cuda:0', dtype=torch.float64) 1.112804412842
27500 0.74375 0.78125 2.194025961376836 tensor(1.7199, device='cuda:0', dtype=torch.float64) 1.162130951881
27550 0.7875 0.7578125 2.208717722506047 tensor(1.6418, device='cuda:0', dtype=torch.float64) 1.122549653053
27600 0.7171875 0.7109375 2.2003023118310128 tensor(1.5325, device='cuda:0', dtype=torch.float64) 1.183717846870
27650 0.78125 0.703125 2.1895614685841434 tensor(1.5177, device='cuda:0', dtype=torch.float64) 1.121889114380
27700 0.7703125 0.7734375 2.1383600792445883 tensor(1.6732, device='cuda:0', dtype=torch.float64) 1.130943179131
27750 0.7375 0.71875 2.1492939642188813 tensor(1.5372, device='cuda:0', dtype=torch.float64) 1.169558763504
27800 0.73125 0.703125 2.1589349931518256 tensor(1.5189, device='cuda:0', dtype=torch.float64) 1.171904802322
27850 0.759375 0.765625 2.1331453707938626 tensor(1.6380, device='cuda:0', dtype=torch.float64) 1.145764112473
27900 0.728125 0.734375 2.1218617059331875 tensor(1.5502, device='cuda:0', dtype=torch.float64) 1.173525333405
27950 0.734375 0.796875 2.1779208269461923 tensor(1.7286, device='cuda:0', dtype=torch.float64) 1.165982961655
28000 0.734375 0.765625 2.1919502926033734 tensor(1.6862, device='cuda:0', dtype=torch.float64) 1.169573903084
28050 0.7359375 0.7578125 2.183177299181283 tensor(1.6362, device='cuda:0', dtype=torch.float64) 1.163283348083
28100 0.7171875 0.7265625 2.1700192238382936 tensor(1.5473, device='cuda:0', dtype=torch.float64) 1.181000471115
28150 0.7640625 0.765625 2.1840545184821964 tensor(1.6334, device='cuda:0', dtype=torch.float64) 1.138873338699
28200 0.7515625 0.8046875 2.1423934059643206 tensor(1.6963, device='cuda:0', dtype=torch.float64) 1.154905557632
28250 0.7359375 0.765625 2.1960566358076745 tensor(1.6484, device='cuda:0', dtype=torch.float64) 1.171465754509
28300 0.78125 0.7578125 2.2007747857378037 tensor(1.6595, device='cuda:0', dtype=torch.float64) 1.122206330299
28350 0.8 0.75 2.2166883495480847 tensor(1.6797, device='cuda:0', dtype=torch.float64) 1.100967645645
28400 0.7921875 0.7734375 2.130110310452805 tensor(1.6437, device='cuda:0', dtype=torch.float64) 1.115312337875
28450 0.7703125 0.6953125 2.168595700888373 tensor(1.4854, device='cuda:0', dtype=torch.float64) 1.132695198059
28500 0.759375 0.71875 2.168058029949745 tensor(1.5249, device='cuda:0', dtype=torch.float64) 1.143113493919
28550 0.7875 0.765625 2.173418212454842 tensor(1.6421, device='cuda:0', dtype=torch.float64) 1.122682809830
28600 0.778125 0.7265625 2.137028797815368 tensor(1.5281, device='cuda:0', dtype=torch.float64) 1.124272108078
28650 0.7796875 0.6953125 2.1842590121093033 tensor(1.5236, device='cuda:0', dtype=torch.float64) 1.128714203835
28700 0.7671875 0.7578125 2.1441395221536848 tensor(1.5984, device='cuda:0', dtype=torch.float64) 1.130433797836
28750 0.778125 0.765625 2.1756571893859005 tensor(1.6254, device='cuda:0', dtype=torch.float64) 1.123685598373
28800 0.8328125 0.75 2.21387759422351 tensor(1.6528, device='cuda:0', dtype=torch.float64) 1.074675679207
28850 0.7890625 0.78125 2.1443617859795814 tensor(1.6386, device='cuda:0', dtype=torch.float64) 1.119323849678
28900 0.778125 0.734375 2.140175391268713 tensor(1.5772, device='cuda:0', dtype=torch.float64) 1.121764779091
28950 0.775 0.703125 2.1159932889042983 tensor(1.4846, device='cuda:0', dtype=torch.float64) 1.131959199905
29000 0.790625 0.8359375 2.1538620815985 tensor(1.8035, device='cuda:0', dtype=torch.float64) 1.116225838661
29050 0.765625 0.7578125 2.1425002718213646 tensor(1.6095, device='cuda:0', dtype=torch.float64) 1.140112996101
29100 0.803125 0.765625 2.1697307465316835 tensor(1.6374, device='cuda:0', dtype=torch.float64) 1.100633859634
29150 0.7265625 0.7578125 2.1442352891199423 tensor(1.6339, device='cuda:0', dtype=torch.float64) 1.176148653030
29200 0.7578125 0.734375 2.149747864397855 tensor(1.5643, device='cuda:0', dtype=torch.float64) 1.148841142654
29250 0.7671875 0.8046875 2.1420671024632463 tensor(1.7015, device='cuda:0', dtype=torch.float64) 1.134111642838
29300 0.75625 0.734375 2.2331118030597454 tensor(1.6002, device='cuda:0', dtype=torch.float64) 1.144403576851
29350 0.8109375 0.7734375 2.205274869907044 tensor(1.6894, device='cuda:0', dtype=torch.float64) 1.099824786186
29400 0.75 0.7109375 2.215312719572627 tensor(1.5510, device='cuda:0', dtype=torch.float64) 1.158429503441
29450 0.734375 0.7421875 2.1319527424055464 tensor(1.5482, device='cuda:0', dtype=torch.float64) 1.165888547897
29500 0.7546875 0.765625 2.1527605936870393 tensor(1.6283, device='cuda:0', dtype=torch.float64) 1.152602314949
29550 0.7953125 0.8125 2.1218510836761366 tensor(1.7247, device='cuda:0', dtype=torch.float64) 1.110947966576
29600 0.7515625 0.7265625 2.164348419325102 tensor(1.5475, device='cuda:0', dtype=torch.float64) 1.156244993210
29650 0.74375 0.765625 2.138261692811926 tensor(1.6446, device='cuda:0', dtype=torch.float64) 1.163611888885
29700 0.8078125 0.7890625 2.1122126523261295 tensor(1.6450, device='cuda:0', dtype=torch.float64) 1.101169347763
29750 0.78125 0.765625 2.131910195835938 tensor(1.6019, device='cuda:0', dtype=torch.float64) 1.127027273178
29800 0.75 0.7890625 2.20271342784414 tensor(1.7355, device='cuda:0', dtype=torch.float64) 1.154538989067
29850 0.7296875 0.796875 2.2367879526960954 tensor(1.7386, device='cuda:0', dtype=torch.float64) 1.170755386353
29900 0.7609375 0.7578125 2.218707487420413 tensor(1.6508, device='cuda:0', dtype=torch.float64) 1.143626928329
29950 0.8375 0.8203125 2.0983894149502818 tensor(1.7082, device='cuda:0', dtype=torch.float64) 1.071192741394
30000 0.815625 0.796875 2.101717730360551 tensor(1.6827, device='cuda:0', dtype=torch.float64) 1.093410730362
30050 0.7859375 0.78125 2.135823271203725 tensor(1.6588, device='cuda:0', dtype=torch.float64) 1.115361213684
30100 0.725 0.75 2.1763626491863284 tensor(1.6112, device='cuda:0', dtype=torch.float64) 1.182891130447
30150 0.7453125 0.7734375 2.103069441308432 tensor(1.6037, device='cuda:0', dtype=torch.float64) 1.160365223885
30200 0.771875 0.8125 2.1419301088946576 tensor(1.7583, device='cuda:0', dtype=torch.float64) 1.137386798859
30250 0.796875 0.8359375 2.1493010113300275 tensor(1.8142, device='cuda:0', dtype=torch.float64) 1.107245087624
30300 0.79375 0.75 2.179989469284241 tensor(1.6065, device='cuda:0', dtype=torch.float64) 1.110612273216
30350 0.8046875 0.7578125 2.1834038926910457 tensor(1.6652, device='cuda:0', dtype=torch.float64) 1.100913882256
30400 0.7703125 0.7890625 2.169593606193689 tensor(1.6851, device='cuda:0', dtype=torch.float64) 1.136552572250
30450 0.771875 0.7578125 2.1621224726116717 tensor(1.6030, device='cuda:0', dtype=torch.float64) 1.136770725250
30500 0.796875 0.8046875 2.1281085304519314 tensor(1.7175, device='cuda:0', dtype=torch.float64) 1.112117171288
30550 0.7765625 0.8203125 2.1654573185691715 tensor(1.7722, device='cuda:0', dtype=torch.float64) 1.131573081017
30600 0.75625 0.7890625 2.177277097951105 tensor(1.7192, device='cuda:0', dtype=torch.float64) 1.146567583084
30650 0.7921875 0.7734375 2.1754815789428985 tensor(1.6791, device='cuda:0', dtype=torch.float64) 1.110495448112
30700 0.8046875 0.796875 2.1621585789936066 tensor(1.7188, device='cuda:0', dtype=torch.float64) 1.104700803757
30750 0.7546875 0.7734375 2.1231892721905528 tensor(1.6144, device='cuda:0', dtype=torch.float64) 1.149880647659
30800 0.765625 0.7421875 2.154491115148691 tensor(1.6175, device='cuda:0', dtype=torch.float64) 1.136996269226
30850 0.803125 0.78125 2.1053231450816674 tensor(1.6118, device='cuda:0', dtype=torch.float64) 1.113575100899
30900 0.790625 0.8359375 2.1190926156311276 tensor(1.7565, device='cuda:0', dtype=torch.float64) 1.115290403366
30950 0.7875 0.71875 2.192387730023135 tensor(1.5597, device='cuda:0', dtype=torch.float64) 1.115629315376
31000 0.796875 0.765625 2.1024837545524697 tensor(1.5851, device='cuda:0', dtype=torch.float64) 1.106587886810
31050 0.784375 0.75 2.136125982683796 tensor(1.5875, device='cuda:0', dtype=torch.float64) 1.123507380486
31100 0.7515625 0.75 2.1296445503962182 tensor(1.5841, device='cuda:0', dtype=torch.float64) 1.153975248337
31150 0.7375 0.75 2.227499920061326 tensor(1.6495, device='cuda:0', dtype=torch.float64) 1.161566853523
31200 0.7828125 0.7578125 2.138559284492835 tensor(1.5971, device='cuda:0', dtype=torch.float64) 1.127303361893
31250 0.8296875 0.8125 2.18465380974952 tensor(1.7516, device='cuda:0', dtype=torch.float64) 1.078697443008
