50 0.4515625 2.6278033057268915 2.1369974113161496 1.424074292183
100 0.4671875 2.5206434538017675 2.040825384888421 1.412172436714
150 0.4296875 2.70593480718895 2.1836506851213966 1.432076573372
200 0.4609375 2.6105494134080054 2.121921532214045 1.420187234879
250 0.4921875 2.5630707098241645 2.0935171905968413 1.385553956032
300 0.4640625 2.5618054091492803 2.0996949766368496 1.409357309341
350 0.421875 2.5969119669609153 2.12015157032963 1.438962340355
400 0.48125 2.5958449095373983 2.1231234111699084 1.402023553848
450 0.45625 2.5210578848820906 2.073149971756139 1.421459436417
500 0.48125 2.553030863961243 2.103249177772815 1.405251383781
550 0.4421875 2.535775015651721 2.0897340813719296 1.419847011566
600 0.478125 2.632676030496552 2.1529887526585103 1.400765180588
650 0.48125 2.5939893279491133 2.156659995881562 1.389451146126
700 0.45 2.605376425066302 2.1537598255218673 1.415553808212
750 0.4796875 2.591583951147746 2.1283671356227076 1.398589491844
800 0.43125 2.681168859623753 2.172282333804335 1.423585176468
850 0.478125 2.5839837579689915 2.1259391553936706 1.400191187859
900 0.4640625 2.609551146900729 2.1430502220683496 1.404191493988
950 0.459375 2.5765903534836867 2.1352624539618716 1.406907677650
1000 0.4484375 2.6922900570608546 2.177052980862815 1.414384722710
1050 0.4546875 2.5698438450938434 2.15263023996877 1.421803712845
1100 0.409375 2.5722396632906 2.1285164370891727 1.455025672913
1150 0.4953125 2.561045755733201 2.0885205665646054 1.387120008469
1200 0.4625 2.574286307782424 2.1009257059789377 1.408235907555
1250 0.459375 2.589633756818077 2.0924621492004385 1.416746735573
1300 0.4359375 2.657889157709995 2.1552331536552574 1.417341709137
1350 0.4640625 2.5373413640355054 2.0749158211725884 1.424917459488
1400 0.428125 2.5254266922310715 2.0798324944528774 1.446906566620
1450 0.3984375 2.5318042741005127 2.0527240737254546 1.461185336113
1500 0.478125 2.5605560198238773 2.0959396152014143 1.410730361938
1550 0.478125 2.638862259425105 2.1555895584765876 1.403662919998
1600 0.5046875 2.4905225846696553 2.090832420132732 1.388427853584
1650 0.45625 2.668825781291362 2.164332492797958 1.405629873276
1700 0.4859375 2.580660990116836 2.1187306163013226 1.403723955154
1750 0.4703125 2.5883513729376455 2.1341039730060802 1.390378713608
1800 0.421875 2.5956259953524694 2.138860494278368 1.447859406471
1850 0.45 2.6635540162876916 2.138000631878624 1.412745833397
1900 0.4296875 2.6839444606151894 2.1603737436721664 1.423478960991
1950 0.4515625 2.5928548673674037 2.1121448787049975 1.420308113098
2000 0.446875 2.6211037514728006 2.124613542422859 1.412427663803
2050 0.45625 2.6205804402901762 2.148931357937857 1.407634019852
2100 0.45625 2.5270022962740604 2.134624983162059 1.416895389557
2150 0.4546875 2.5206307568115904 2.0793427511161386 1.412789583206
2200 0.4578125 2.5910552610341897 2.1117177574704717 1.425595998764
2250 0.478125 2.590830173097501 2.1598931424398837 1.392704963684
2300 0.475 2.6173385726497513 2.1652446435117816 1.403682231903
2350 0.4640625 2.5182845689373297 2.094378501316723 1.412906169891
2400 0.4453125 2.584490980246058 2.113298492907295 1.427450656891
2450 0.5125 2.581643770229857 2.159222042620023 1.379061341286
2500 0.4859375 2.419829315098034 2.057286873267682 1.400990128517
2550 0.4859375 2.5614280466359345 2.1486337559875306 1.387037038803
2600 0.490625 2.608319496266313 2.1597436261729803 1.391838788986
2650 0.465625 2.542174206806546 2.140177954013701 1.406683683395
2700 0.4734375 2.5359389848568687 2.1327763032239173 1.399994134903
2750 0.5 2.5552036594782934 2.164488113726366 1.383355975151
2800 0.478125 2.5119158690992127 2.109626716855025 1.395037889481
2850 0.4671875 2.4212706182909667 2.085883589404847 1.405024170876
2900 0.503125 2.4587075089768415 2.1765874313956965 1.379473924637
2950 0.5046875 2.426754986841929 2.16395506439097 1.386703729630
3000 0.515625 2.4069201935034537 2.1490245069645066 1.370103597641
3050 0.5328125 2.4033540971493195 2.1471565679839753 1.359961628914
3100 0.5234375 2.3278193861778878 2.1184132034726946 1.370514869690
3150 0.540625 2.401500404883408 2.162160056903351 1.352445840836
3200 0.5515625 2.4070071079776576 2.1855812479233423 1.343044877052
3250 0.5609375 2.333327382691572 2.1461663864578115 1.335342526436
3300 0.5859375 2.3774578150984125 2.157679836486328 1.311585783958
3350 0.553125 2.3544519223868963 2.1729021316168895 1.337448477745
3400 0.559375 2.3155306166299003 2.1220978435550806 1.330395221710
3450 0.5671875 2.308387119436796 2.138790379398094 1.326420426369
3500 0.5625 2.3712073898349084 2.1891894400020706 1.329189062119
3550 0.571875 2.2866790455570993 2.1332735356757135 1.320915341377
3600 0.5359375 2.2605059858301577 2.0868251311107286 1.359188914299
3650 0.590625 2.2234946987604625 2.0627818371934654 1.309527754784
3700 0.5953125 2.2938911343346655 2.144346418415741 1.309485435486
3750 0.6015625 2.334172372437849 2.192341908447044 1.300167679787
3800 0.6125 2.3160776328524135 2.186804102550906 1.284875154495
3850 0.5703125 2.263897367241505 2.14152466131397 1.331706523895
3900 0.5546875 2.301040005126624 2.1817645625512023 1.338793277740
3950 0.6125 2.2408861299973073 2.120918987161873 1.290939092636
4000 0.6171875 2.191701684726641 2.0735416396458994 1.286260962486
4050 0.6125 2.2298539276572944 2.1373088341968516 1.284009575844
4100 0.5703125 2.2544259769699155 2.114836268155872 1.322948217392
4150 0.6296875 2.180197212838894 2.0912648695574836 1.272591829300
4200 0.6375 2.242449718715284 2.114522165190993 1.275064229965
4250 0.621875 2.2321071554123253 2.1455226882515244 1.282003164291
4300 0.6140625 2.1532964451802026 2.0523943929849393 1.289564371109
4350 0.5921875 2.2075021554665715 2.0893505639831997 1.305371403694
4400 0.628125 2.232301824692394 2.1386087010171853 1.269878149033
4450 0.6015625 2.2299265364454097 2.1281172155287362 1.300320386887
4500 0.634375 2.2509221891232545 2.1373905828876145 1.265898466110
4550 0.65 2.260724230798561 2.189133674722532 1.262562990189
4600 0.63125 2.280666403151508 2.1549198760480905 1.264483690262
4650 0.6359375 2.1878876698861482 2.1044552043398994 1.263500928879
4700 0.6109375 2.1750656412740628 2.0686754786389527 1.295386433601
4750 0.6890625 2.179240801969903 2.120832808796977 1.216981530190
4800 0.5921875 2.2602303768943504 2.117986790801853 1.307358980179
4850 0.5890625 2.091199935931807 1.9854930409085214 1.300579190254
4900 0.6515625 2.2714766532480604 2.1709807234852705 1.257941007614
4950 0.653125 2.195182366024024 2.1165825788294867 1.246956110001
5000 0.6390625 2.21022993437663 2.1325891079266457 1.257045149803
5050 0.7078125 2.2384950362993896 2.1427175980055497 1.196730017662
5100 0.6046875 2.2451069714126017 2.173295825892485 1.291485667229
5150 0.65625 2.1661684980643714 2.109107787723772 1.242692351341
5200 0.659375 2.1488259838246373 2.064019622602559 1.238886117935
5250 0.6671875 2.232225360895728 2.188003962772845 1.238313913345
5300 0.6234375 2.2404973020948904 2.1625982658035676 1.276731729507
5350 0.678125 2.132513611622839 2.0769247490902343 1.225096821785
5400 0.6328125 2.146513995985988 2.109359521465721 1.265122652054
5450 0.61875 2.2089227794705844 2.129805479728245 1.286881923676
5500 0.646875 2.1372826909965674 2.07793284226155 1.247371912003
5550 0.6546875 2.1790200762341096 2.104727549101442 1.250256299973
5600 0.7125 2.260797362907414 2.202004713795596 1.199609279633
5650 0.7015625 2.112478451061795 2.065553977156465 1.206380724907
5700 0.6796875 2.2385927695341197 2.1861689586234507 1.226279258728
5750 0.615625 2.2143301535785787 2.09282188901403 1.284817457199
5800 0.665625 2.1443008368060146 2.0760926320679047 1.235833525658
5850 0.6734375 2.1474099667097124 2.0807605039803003 1.220376610756
5900 0.6515625 2.1729696640544054 2.1292571552318833 1.245570302010
5950 0.653125 2.199031593655464 2.1315720500420574 1.246384382248
6000 0.70625 2.1706954832336613 2.116412231571508 1.198546648026
6050 0.5484375 2.1779271515662804 2.0550879902278956 1.346716403961
6100 0.609375 2.2279565911743977 2.1562123410887146 1.286879658699
6150 0.6078125 2.2274980270851774 2.15499818045527 1.287575364113
6200 0.71875 2.184738866933302 2.133304809694953 1.180316567421
6250 0.68125 2.185393209618219 2.1294899530830813 1.215529203415
6300 0.725 2.15237991113478 2.1193409021815985 1.182518005371
6350 0.7046875 2.1313105422858167 2.092826339818369 1.197164773941
6400 0.6140625 2.198909519341294 2.117244818841222 1.282847523689
6450 0.646875 2.2278984634205803 2.168955207518108 1.257858991623
6500 0.6625 2.2152793488057934 2.15179682348598 1.242830157280
6550 0.6796875 2.1858726853606334 2.1357969739204883 1.229580521584
6600 0.675 2.2293056737633603 2.1251471260449795 1.231225609779
6650 0.6734375 2.1614525869838985 2.1135738718383172 1.225599288940
6700 0.65 2.1766199647395825 2.1355366725687226 1.258180022240
6750 0.68125 2.1722283667885174 2.114047252563738 1.221491217613
6800 0.7484375 2.108720794085882 2.073154350609248 1.157004117966
6850 0.7390625 2.195387950759161 2.1472633480619567 1.170023918152
6900 0.6640625 2.151244457519482 2.1058360580126 1.239339590073
6950 0.6953125 2.0817565421954813 2.035028405085238 1.210724830627
7000 0.7078125 2.178443087432293 2.126493035708367 1.197738289833
7050 0.7359375 2.129620347380902 2.084688602004899 1.164628386497
7100 0.7265625 2.161356490286514 2.111183561942985 1.181894540787
7150 0.70625 2.218907204885365 2.168793725799042 1.200564861298
7200 0.73125 2.097149722522797 2.066258554691133 1.172715902328
7250 0.675 2.135829313554985 2.0868176730527317 1.224646210670
7300 0.7359375 2.1477452973548474 2.100572281904369 1.174180030823
7350 0.6765625 2.2086262394809695 2.157336910143699 1.223867893219
7400 0.7375 2.165835342655783 2.122686913582686 1.174482941628
7450 0.68125 2.1730986200256437 2.132828411260962 1.223355770111
7500 0.7140625 2.159292981250564 2.107819967105238 1.189973115921
7550 0.6609375 2.1020660004941094 2.0589575651850485 1.237212419510
7600 0.74375 2.2118495216260587 2.1730052542750324 1.167125821114
7650 0.6234375 2.1992666882253435 2.1623444473590068 1.274484157562
7700 0.7234375 2.214179616015587 2.147419171496679 1.179682016373
7750 0.6609375 2.1831578326109526 2.1321774532606335 1.241773843765
7800 0.6671875 2.1689214392559464 2.1274002186951133 1.232580900192
7850 0.6890625 2.214656616579235 2.1730802322647045 1.209885597229
7900 0.61875 2.2761453177755273 2.1885017079244817 1.273818731308
7950 0.653125 2.1898844611796 2.1263471573209145 1.246573448181
8000 0.6609375 2.2122313969057017 2.1498177958699594 1.243132710457
8050 0.6859375 2.157338870043269 2.0992867888034894 1.215091466904
8100 0.6875 2.18120312950777 2.1468247022276676 1.215209841728
8150 0.721875 2.1681628443250394 2.1342279128543247 1.184097647667
8200 0.703125 2.1443512838426444 2.1036167151601406 1.207051992416
8250 0.740625 2.195980046138237 2.162030303460061 1.161974549294
8300 0.6875 2.200649459808626 2.1602237570607894 1.218008279800
8350 0.7140625 2.1843552943413433 2.12812742101581 1.187199711800
8400 0.6921875 2.181951718126579 2.131142806973629 1.206026554108
8450 0.6828125 2.1633668500528724 2.1178740678373047 1.214869499207
8500 0.6796875 2.2089045260241966 2.133682907616185 1.225471615791
8550 0.665625 2.1507409502148596 2.098968166416121 1.234717130661
8600 0.675 2.1723596942128314 2.1001448029137975 1.226603746414
8650 0.7265625 2.157542324922664 2.104467756678911 1.174028277397
8700 0.6734375 2.1863690775048292 2.1172147326182027 1.226318359375
8750 0.665625 2.198030439747012 2.146458384003145 1.236507654190
8800 0.7 2.145573089983575 2.0960430541157113 1.201392650604
8850 0.6984375 2.157697565077902 2.122485060370583 1.213807582855
8900 0.684375 2.1892462008484097 2.1453338803159996 1.212205290794
8950 0.6296875 2.2487062039527483 2.109263460780656 1.271989345551
9000 0.634375 2.1626637693808815 2.0802606794136334 1.268764734268
9050 0.6890625 2.1950026719570865 2.1301512003675604 1.216697692871
9100 0.634375 2.1886663214099027 2.1344596134191893 1.267861604691
9150 0.6578125 2.2137481330697266 2.1734271942437378 1.244462251663
9200 0.7171875 2.220499252881003 2.173779424474062 1.186576962471
9250 0.6640625 2.1056650933599026 2.050759731660031 1.237513303757
9300 0.6609375 2.2060624640750985 2.1511491446097866 1.236762523651
9350 0.7203125 2.131416534656939 2.104146166682979 1.183478116989
9400 0.75625 2.174720387132317 2.1379216643469023 1.146818041801
9450 0.7109375 2.1673531532417836 2.1249212262015704 1.192315936089
9500 0.671875 2.1926123685005243 2.15404376048228 1.238469123840
9550 0.659375 2.1974088511321956 2.1470148909740105 1.236321330070
9600 0.6515625 2.18190117951643 2.135358298660076 1.248316168785
9650 0.715625 2.183482197423821 2.1392472358940786 1.189715147018
9700 0.6890625 2.1209382661214886 2.0883325438393925 1.218543767929
9750 0.6890625 2.1486960182587276 2.1074939737417546 1.205873608589
9800 0.725 2.172731982557693 2.141441651008258 1.180116176605
9850 0.7078125 2.1516179280535965 2.115509713104942 1.188813447952
9900 0.6875 2.2277510979785036 2.1695666936428766 1.210277795792
9950 0.725 2.147594789840417 2.100939292977656 1.182379841805
10000 0.6703125 2.179562604635614 2.1269723065879327 1.236846923828
10050 0.728125 2.216752282952242 2.1691416726734634 1.176926255226
10100 0.6703125 2.1654751008314768 2.134918429862629 1.228375673294
10150 0.74375 2.186978545100822 2.147616629434042 1.160509943962
10200 0.709375 2.1184598613480405 2.079297883219881 1.188799619675
10250 0.6875 2.2221964322358896 2.1668065951193967 1.218565940857
10300 0.7015625 2.2102558852784644 2.150170030126255 1.197104215622
10350 0.6546875 2.2136322681898504 2.128245148884417 1.255167603493
10400 0.640625 2.1904846271711556 2.128391027516651 1.256161451340
10450 0.690625 2.2522299283857383 2.1749460693998457 1.218392610550
10500 0.7359375 2.1854464717740436 2.1387537087338977 1.170756936073
10550 0.6703125 2.2300306230496205 2.169293860018587 1.235342621803
10600 0.665625 2.2014407620590983 2.168960532683153 1.235143899918
10650 0.659375 2.1993216624959637 2.1559904465098647 1.240291357040
10700 0.6390625 2.2197908263962876 2.157810932700477 1.264339685440
10750 0.70625 2.1243447504170345 2.0777701170909912 1.202813506126
10800 0.7265625 2.1295131194891055 2.095687020317882 1.180313944817
10850 0.709375 2.117742978563598 2.087377472217603 1.194178462029
10900 0.678125 2.209056396133713 2.152830071707876 1.218957185745
10950 0.6390625 2.191990272124487 2.1503365663230434 1.260406255722
11000 0.6921875 2.153423788044394 2.1201708575897507 1.215653419495
11050 0.703125 2.129275462756923 2.0901652052830606 1.198332548141
11100 0.7203125 2.1759225466111203 2.144180276790692 1.181656837463
11150 0.7140625 2.2144796891196306 2.170113175710763 1.189941644669
11200 0.71875 2.214017393185405 2.1622565687333646 1.176386713982
11250 0.7109375 2.115160012714001 2.086206616892368 1.196454882622
11300 0.6640625 2.1800331830283803 2.1465803354574677 1.235341072083
11350 0.678125 2.185259686734236 2.148156146642835 1.224601507187
11400 0.6453125 2.1989126007074327 2.151253497759821 1.258637309074
11450 0.5953125 2.152214524259367 2.0972270932428407 1.303097963333
11500 0.715625 2.142149297515857 2.111273543731003 1.189592599869
11550 0.678125 2.1825778144633428 2.155636877518596 1.218189597130
11600 0.734375 2.137862303125209 2.1048047053174597 1.171590924263
11650 0.734375 2.1705453392117677 2.134375793354428 1.166730999947
11700 0.7375 2.2106883815796237 2.167449369743849 1.165801644325
11750 0.7015625 2.2058660874249028 2.1716709028286645 1.198786497116
11800 0.715625 2.175394706541335 2.1347789593966007 1.191961169243
11850 0.65625 2.1588982311287572 2.104211067124913 1.242301583290
11900 0.6828125 2.155118040595237 2.1142575046945473 1.222130417824
11950 0.740625 2.1755835374994006 2.1410292245925744 1.161645174026
12000 0.7140625 2.1958375939809964 2.1564011469274487 1.185482144356
12050 0.7015625 2.1391436660964707 2.099820402202562 1.203611373901
12100 0.6953125 2.1772914759043513 2.1433863495379146 1.208277702332
12150 0.7390625 2.105279929818087 2.072863927118911 1.165701627731
12200 0.63125 2.1507437358201122 2.084139101680283 1.270040273666
12250 0.6859375 2.1967416393936254 2.151727104045987 1.215670228004
12300 0.6796875 2.1885532692806384 2.156775720339169 1.221097707748
12350 0.684375 2.189286855912161 2.149764454999366 1.223370790482
12400 0.696875 2.229755791637989 2.189190161632957 1.205872297287
12450 0.703125 2.1671096559603202 2.132899683363469 1.200174093246
12500 0.6953125 2.1395911950949857 2.1131471205641357 1.212239503860
12550 0.740625 2.1201064995960284 2.0789284181162544 1.170509696007
12600 0.75625 2.134120188422264 2.1005305918005854 1.147528052330
12650 0.6953125 2.11936505112303 2.0755024470157584 1.208515048027
12700 0.7625 2.076059854912877 2.0513336711516197 1.142094850540
12750 0.7234375 2.178556211722147 2.1439684015776512 1.176408529282
12800 0.70625 2.1525037645094334 2.109514219751822 1.193424582481
12850 0.7609375 2.1713433815051455 2.1444366473045706 1.143363833427
12900 0.7 2.1551131109976023 2.111759490857615 1.202093124390
12950 0.7015625 2.118855967318792 2.080596626056826 1.194326519966
13000 0.66875 2.1934262239845768 2.16536673253263 1.232863783836
13050 0.7015625 2.1778640524477897 2.1397472912876205 1.202179312706
13100 0.7046875 2.175485913129836 2.141839409924426 1.203232049942
13150 0.734375 2.1569256281180724 2.1195952407647005 1.174008131027
13200 0.728125 2.145542708699792 2.0916696766664016 1.178406953812
13250 0.7109375 2.1734300736399548 2.139918320998605 1.194146037102
13300 0.7453125 2.1843543534739887 2.1481123743653674 1.159514665604
13350 0.7234375 2.133643572899758 2.100823691024783 1.177808761597
13400 0.7125 2.1847072546069946 2.1483062469302396 1.191439390182
13450 0.75625 2.107317578248009 2.0827819626951447 1.147012948990
13500 0.690625 2.1585835879236592 2.1293536769030728 1.210491418839
13550 0.715625 2.191502835222612 2.1625667109899696 1.188631892204
13600 0.721875 2.1720434702095153 2.1454681637452504 1.184385061264
13650 0.70625 2.132894876976302 2.099365276524572 1.199416518211
13700 0.6859375 2.1817729816604863 2.146614842647173 1.215849637985
13750 0.7203125 2.1562502903111413 2.1195810582117667 1.178025484085
13800 0.7875 2.1649168261584193 2.140326213779658 1.123369812965
13850 0.7890625 2.1140832456594865 2.089848135353973 1.116011381149
13900 0.6578125 2.1597792089339176 2.107318142666711 1.248117685318
13950 0.6421875 2.0924235615297206 2.053234550730546 1.258906602859
14000 0.659375 2.150096505098575 2.102750920251625 1.246542930603
14050 0.76875 2.1275721716989535 2.0973777374785896 1.135846376419
14100 0.7109375 2.1734017896233007 2.1283241385892926 1.191386818886
14150 0.7109375 2.1271618044357496 2.1041412910831414 1.195275902748
14200 0.6859375 2.191105097055096 2.131588608665139 1.214163541794
14250 0.69375 2.1387029803679454 2.09497393831215 1.207005977631
14300 0.709375 2.1791393395244865 2.132073421799473 1.195744752884
14350 0.7453125 2.1464086289825772 2.1108920958984103 1.159233093262
14400 0.7484375 2.1563148881651215 2.106953043582308 1.156470537186
14450 0.7296875 2.098966656763877 2.0679391353630066 1.175995230675
14500 0.803125 2.1370592626748666 2.1187524263292086 1.099037885666
14550 0.76875 2.2089512320355142 2.176248692551386 1.140518546104
14600 0.73125 2.148931297203335 2.1306210329575563 1.172926664352
14650 0.69375 2.13017601397151 2.095784670312179 1.206999301910
14700 0.646875 2.177258000563468 2.106495085546556 1.254156827927
14750 0.515625 2.3218158291806468 2.1529466036110105 1.380336165428
14800 0.6359375 2.252203429754967 2.141374876871675 1.260770678520
14850 0.65625 2.1894752442608545 2.110235372518196 1.248522043228
14900 0.6375 2.1964789184589333 2.1086039651533683 1.260997414589
14950 0.66875 2.1547567836068584 2.0976641254175705 1.234362363815
15000 0.653125 2.21614973425455 2.136457529658805 1.249832987785
15050 0.7 2.1510185962521686 2.105385144634027 1.204181075096
15100 0.625 2.2436750072831644 2.168305837999822 1.277358651161
15150 0.6609375 2.156101737457104 2.0935478992498306 1.245670795441
15200 0.703125 2.215412749001451 2.174147051822389 1.199741721153
15250 0.6765625 2.180848814192046 2.123080245753736 1.228173375130
15300 0.7390625 2.16671561521158 2.1269729419749677 1.168711662292
15350 0.659375 2.2251822195501103 2.1656857190962473 1.240181803703
15400 0.7046875 2.138237123415094 2.101011559593883 1.201324343681
15450 0.70625 2.0893386702581354 2.0588270408020337 1.197927713394
15500 0.7375 2.1340235425800986 2.086264744610702 1.164294481277
15550 0.7015625 2.1824896316641924 2.1324680171176116 1.202757120132
15600 0.70625 2.1752486333542587 2.129136219186784 1.195640802383
15650 0.7109375 2.2303616972210603 2.1909113375746196 1.192866325378
15700 0.709375 2.157932655815827 2.122276311984139 1.194177627563
15750 0.6359375 2.280407145058133 2.1687253649849074 1.265218973160
15800 0.6375 2.179894573002532 2.0974832428642998 1.256956100464
15850 0.6859375 2.2013211822527365 2.1323389567191553 1.213846683502
15900 0.7421875 2.2068499848914014 2.167543355379379 1.169046521187
15950 0.66875 2.2401456124718324 2.1735537736099246 1.234086036682
16000 0.6484375 2.1702379378278835 2.108102612320037 1.257071137428
16050 0.6953125 2.2299034505759834 2.1767671037213105 1.216688275337
16100 0.709375 2.2034589906952533 2.1634639335094197 1.193117260933
16150 0.65625 2.1178987976155472 2.0747536236467705 1.242742180824
16200 0.70625 2.207476941111855 2.1677362656396633 1.201116323471
16250 0.68125 2.1098652773455897 2.082134359889572 1.221631765366
16300 0.721875 2.121250389846126 2.0979327347373804 1.186221122742
16350 0.70625 2.209573229064276 2.1706611132456857 1.194367885590
16400 0.7203125 2.149683601367291 2.1094305682820598 1.182699799538
16450 0.7515625 2.1285654999585 2.0775795686513825 1.158397436142
16500 0.6640625 2.2152202313749294 2.1620067138821866 1.238358736038
16550 0.6828125 2.124371885358403 2.083947245706532 1.217215180397
16600 0.725 2.1556432593963253 2.11153879748345 1.180184602737
16650 0.7640625 2.132022894007562 2.102402705763252 1.139437317848
16700 0.7203125 2.1420141339215033 2.118698168952519 1.185064077377
16750 0.6734375 2.185973074144671 2.127794312442923 1.228165388107
16800 0.671875 2.181943445343516 2.1358928357678755 1.226683020592
16850 0.6953125 2.1720894323897078 2.1277783938740993 1.199451327324
16900 0.6953125 2.2002850905519886 2.167137691651178 1.215049028397
16950 0.6640625 2.1602919816807074 2.1218795097012517 1.242584466934
17000 0.73125 2.1248038807783933 2.0916233153404855 1.174730539322
17050 0.7015625 2.1058857061405982 2.077929057924208 1.196177601814
17100 0.771875 2.211390317836384 2.179158264171335 1.135260224342
17150 0.7375 2.1885424986574864 2.1488796469172287 1.163433194160
17200 0.7390625 2.1096765584119277 2.087680326574531 1.159076690674
17250 0.7421875 2.1571513888016636 2.138864232652686 1.170805573463
17300 0.684375 2.168712964440519 2.1455001890346868 1.215003848076
17350 0.7125 2.080734454393957 2.0524891010295816 1.190048456192
17400 0.6734375 2.187201760370408 2.139593559043342 1.227938652039
17450 0.75 2.0754990118538874 2.0486259939221614 1.155168771744
17500 0.7375 2.1573977434645606 2.131137492380906 1.167524933815
17550 0.7046875 2.184815495467274 2.151998055319201 1.199273109436
17600 0.6953125 2.1835836539577143 2.141601835926043 1.203011393547
17650 0.746875 2.1613152447948316 2.137095273394939 1.160642981529
17700 0.6875 2.1842371359786847 2.1501094827639027 1.212921977043
17750 0.753125 2.1672476132670426 2.1476169527042663 1.151192545891
17800 0.765625 2.1127016471723143 2.092697764485712 1.137652635574
17850 0.7234375 2.1204156646767403 2.096983625975854 1.185239553452
17900 0.7015625 2.085192563039538 2.047029761314294 1.193936586380
17950 0.7453125 2.15829787813026 2.1201729500440196 1.165020704269
18000 0.8078125 2.0707557230947793 2.057949273265819 1.096842885017
18050 0.765625 2.15237209220201 2.121694056016425 1.143822789192
18100 0.7828125 2.2142006115338524 2.2005378518909517 1.125617980957
18150 0.7078125 2.179742156905646 2.146542663072834 1.190536379814
18200 0.7359375 2.1205872019402285 2.0975974747084347 1.170597553253
18250 0.69375 2.1123600945148366 2.08026293391972 1.208864092827
18300 0.7375 2.1314089640317464 2.0989667872770297 1.165380597115
18350 0.7328125 2.105570836364517 2.0795224812261033 1.174313306808
18400 0.7265625 2.1221602558559995 2.0873925307410044 1.176661491394
18450 0.6875 2.091382860979126 2.0639049481219143 1.213815331459
18500 0.7140625 2.152181149763443 2.1167558357014067 1.189690232277
18550 0.7640625 2.123391496609657 2.09609187126181 1.142751455307
18600 0.740625 2.166939806246328 2.1304221941523953 1.165921926498
18650 0.74375 2.140778198572768 2.1164625400727655 1.166945815086
18700 0.7171875 2.1968175951781714 2.1589498963247657 1.187437295914
18750 0.7046875 2.148923106407374 2.120053524975113 1.203324198723
18800 0.7375 2.1949269502116686 2.1645487122557436 1.169424772263
18850 0.7046875 2.0968221698691836 2.074465109294929 1.194237470627
18900 0.6875 2.1979591939489747 2.1672834550705686 1.215085029602
18950 0.6515625 2.1687422291106633 2.1326453502307925 1.249695658684
19000 0.7296875 2.1984463804037953 2.163842836222818 1.172463178635
19050 0.7609375 2.119691624015792 2.091283953963631 1.145372152328
19100 0.7125 2.1398294757275305 2.1125894778317678 1.189289331436
19150 0.7859375 2.194536342220902 2.1735851828828587 1.120098829269
19200 0.6984375 2.2021358167016785 2.1624035551463012 1.200001955032
19250 0.8109375 2.198876418749269 2.1779161888672958 1.094108939171
19300 0.6984375 2.1357210788767356 2.100312111957735 1.205383062363
19350 0.665625 2.175027950109034 2.1398434472598873 1.233264207840
19400 0.7078125 2.172579755475576 2.125862312080683 1.196617603302
19450 0.734375 2.1170517348435363 2.0887442315873312 1.173851728439
19500 0.6890625 2.1645706695971842 2.1136087789678055 1.213002681732
19550 0.64375 2.1699306397643077 2.118412037151803 1.254993438721
19600 0.7 2.1161199854326216 2.0903151167821243 1.202580213547
19650 0.7578125 2.1424086328311756 2.1218901956087013 1.145569801331
19700 0.728125 2.167687768358623 2.135200184882425 1.178001284599
19750 0.6984375 2.08453064935547 2.065665000595468 1.208489298820
19800 0.740625 2.135501506923919 2.108558498072013 1.162798404694
19850 0.7046875 2.1723786036896646 2.1441157931086883 1.200016736984
19900 0.6484375 2.1700543810452535 2.1222029263688795 1.253988981247
19950 0.715625 2.1706877064577927 2.1251788722671634 1.185028076172
20000 0.6296875 2.2229923945550434 2.1726939595757555 1.264145612717
20050 0.6796875 2.170129108502826 2.1463159855471687 1.224272489548
20100 0.7109375 2.1412343650977816 2.094301115591015 1.194470286369
20150 0.721875 2.2034287449414243 2.1597934001963477 1.181670188904
20200 0.70625 2.099703260237871 2.054476771520444 1.198857069016
20250 0.7875 2.236940882649232 2.210222501826895 1.117563486099
20300 0.796875 2.139542985355206 2.107790164275652 1.111278533936
20350 0.775 2.203574205099181 2.177596779120853 1.131510496140
20400 0.75625 2.1863008872793963 2.1676503153706332 1.149212121964
20450 0.74375 2.163817894606007 2.1236911300575056 1.162975788116
20500 0.7203125 2.1699413333253705 2.12999809677723 1.180992841721
20550 0.7515625 2.1126240847439055 2.0863502029248573 1.153371572495
20600 0.790625 2.1559447537839453 2.1318087392002827 1.118715167046
20650 0.7234375 2.137686028832193 2.1069104978324478 1.179305672646
20700 0.7234375 2.2056314542877558 2.182768404265891 1.182428956032
20750 0.7265625 2.168339487624459 2.1392718575142116 1.170512437820
20800 0.7484375 2.144251503107711 2.125924844921251 1.158681154251
20850 0.74375 2.1766959942159465 2.1531072123520927 1.161142110825
20900 0.715625 2.158129123738143 2.127859156706289 1.186229586601
20950 0.7359375 2.1127073402059198 2.085182971450313 1.176421761513
21000 0.7171875 2.1321271630032474 2.1039493910506493 1.184126496315
21050 0.7296875 2.149633008521071 2.120841684135788 1.173603773117
21100 0.734375 2.187430749975417 2.1641488336781247 1.166040420532
21150 0.6625 2.1157335539982074 2.04166251628183 1.243432998657
21200 0.6796875 2.1705038040036926 2.1355646738457232 1.223211526871
21250 0.7625 2.0607754796839672 2.0415244119366633 1.143326401711
21300 0.7171875 2.135351084080839 2.107036678369226 1.189223527908
21350 0.7421875 2.1269680316506374 2.103455439691204 1.162652730942
21400 0.7515625 2.1183521304543595 2.0816624207108063 1.156543850899
21450 0.7 2.231896297583715 2.19825546457602 1.205779790878
21500 0.7546875 2.070380655887459 2.049858572138334 1.150442838669
21550 0.7484375 2.1797468317674475 2.1585986117143983 1.158709526062
21600 0.703125 2.216806458375336 2.1817681511423435 1.200628399849
21650 0.75625 2.0965783007743117 2.078515234892153 1.146626234055
21700 0.74375 2.220356125981383 2.176196429192506 1.158977866173
21750 0.78125 2.1397129440465066 2.099967202614273 1.122526884079
21800 0.6609375 2.176670320446988 2.1520846844638704 1.242846131325
21850 0.753125 2.1884667909556232 2.1619516904399476 1.153061628342
21900 0.709375 2.093792447372082 2.0673488102457815 1.198435068130
21950 0.76875 2.147935473041369 2.1081008106866106 1.140303015709
22000 0.68125 2.117163774417815 2.082255787552202 1.225771069527
22050 0.684375 2.1435205919338727 2.0987536868314267 1.216992139816
22100 0.7484375 2.1065024855588854 2.0753626918205246 1.157031655312
22150 0.778125 2.187586350298201 2.1601038068621743 1.128612995148
22200 0.746875 2.179638110313658 2.1557806448671597 1.156442403793
22250 0.7234375 2.1310163530165926 2.1151370443350612 1.187557458878
22300 0.759375 2.1015316031453595 2.077909640641278 1.146557092667
22350 0.578125 2.2017358709515844 2.107547077219126 1.324091792107
22400 0.65 2.1773287837841773 2.112208111213064 1.251740932465
22450 0.7296875 2.1848002024867665 2.137621257687867 1.175980806351
22500 0.7359375 2.2143675713038027 2.181768121025449 1.166561722755
22550 0.6765625 2.172269137233453 2.1341128098084883 1.231136083603
22600 0.7015625 2.16425610242044 2.131645714694285 1.201418519020
22650 0.6875 2.1133160880590234 2.0700071102348168 1.216413378716
22700 0.759375 2.1171751476245255 2.0894765181666255 1.141705751419
22750 0.7484375 2.2039920172848686 2.186546329616226 1.157031655312
22800 0.7453125 2.171654734129916 2.151552208629406 1.163256883621
22850 0.684375 2.1134598448496624 2.0791772008929974 1.214306712151
22900 0.7296875 2.1256488617547062 2.093051137964208 1.176094532013
22950 0.8046875 2.200599605087199 2.182047319307034 1.100819349289
23000 0.76875 2.144534925111051 2.127635789706266 1.139437437057
23050 0.6625 2.1437647896841776 2.0997944208639443 1.241549134254
23100 0.7140625 2.0887125438689904 2.063549591789087 1.191283822060
23150 0.778125 2.1960423743328845 2.1747262619795262 1.123792409897
23200 0.7453125 2.2305138107099043 2.2014788077061294 1.160943627357
23250 0.775 2.1291098719950603 2.1128701470156095 1.129203081131
23300 0.75 2.126685347541593 2.0933391395757637 1.153599739075
23350 0.7484375 2.1438004101815307 2.1139852202276845 1.155822873116
23400 0.7375 2.1466276456434468 2.1124770425729076 1.169947028160
23450 0.7484375 2.223843590371513 2.1866013220005183 1.155701160431
23500 0.759375 2.1066950341535104 2.0834226927475332 1.141769886017
23550 0.7359375 2.154414292301725 2.1198234400439198 1.168607473373
23600 0.7578125 2.1364088766012963 2.1116144168431985 1.142863512039
23650 0.709375 2.137092126611954 2.108502558686136 1.196192383766
23700 0.7328125 2.145258018788149 2.1192129367819277 1.174391508102
23750 0.7296875 2.205469034373731 2.1830044136037037 1.172970175743
23800 0.784375 2.088802657990781 2.0676611776128184 1.119361519814
23850 0.7171875 2.1910567017221885 2.151137447387699 1.188830852509
23900 0.675 2.151782886351861 2.1234568845940993 1.229142069817
23950 0.7578125 2.0988476126496667 2.0790579212113376 1.149098634720
24000 0.7046875 2.1220269562802994 2.09431558862219 1.197523355484
24050 0.7 2.1374681320260946 2.103441352199586 1.200588703156
24100 0.646875 2.1711126557730673 2.1238811027246705 1.251568198204
24150 0.734375 2.150073135893618 2.1203132999426337 1.170979022980
24200 0.7109375 2.1317817256854195 2.1043867353147405 1.194005250931
24250 0.7734375 2.197122018951189 2.1547933518385882 1.128673315048
24300 0.73125 2.161860778181466 2.1268830828221055 1.173793196678
24350 0.73125 2.228852517692008 2.190008058513073 1.169862866402
24400 0.6625 2.1717383385180984 2.118351596435899 1.241204857826
24450 0.73125 2.1912689836425874 2.1534129980947507 1.175464391708
24500 0.68125 2.2014985028603293 2.158863986350456 1.217717528343
24550 0.7375 2.1599427575117884 2.120895900319425 1.168713331223
24600 0.6921875 2.2081896620978134 2.1487667506794565 1.211660027504
24650 0.646875 2.2009462456308975 2.108450022701855 1.256196618080
24700 0.634375 2.175086686812228 2.1389727186601144 1.264918088913
24750 0.690625 2.155017425536687 2.114262756788688 1.206542253494
24800 0.728125 2.1571232042736495 2.1239998336878902 1.177545785904
24850 0.74375 2.1923178773330965 2.1665484205178336 1.157814741135
24900 0.740625 2.13640215756362 2.110962243938022 1.163949728012
24950 0.7140625 2.2495110575305013 2.2138495034355175 1.192063450813
25000 0.7296875 2.1310787165046614 2.10154182031601 1.172387957573
25050 0.715625 2.1107154529945835 2.0800610190777564 1.185909748077
25100 0.7859375 2.161424374239725 2.1342453303902325 1.117534875870
25150 0.7109375 2.180849956262396 2.15770337257099 1.193197011948
25200 0.6953125 2.179789879329372 2.1412595237438348 1.205023169518
25250 0.715625 2.2016730710727366 2.168546637876918 1.185823798180
25300 0.7578125 2.201295041584439 2.1647190500491815 1.148279428482
25350 0.7484375 2.19710152761481 2.1714269784567164 1.156594514847
25400 0.7203125 2.139631591154253 2.1152678932758984 1.183797001839
25450 0.7625 2.1405787587142626 2.1167866755991875 1.147488117218
25500 0.7359375 2.1234079437377806 2.1001013897580667 1.168323159218
25550 0.7671875 2.124790705739312 2.108374162203101 1.142066240311
25600 0.75625 2.1387807840716406 2.1141458328042777 1.146786451340
25650 0.7546875 2.1656034703650167 2.1483939374842858 1.151158690453
25700 0.734375 2.148225604586997 2.1174251592053848 1.166315793991
25750 0.7546875 2.2425882953658047 2.201891503566118 1.147245526314
25800 0.73125 2.1299223938182403 2.106883391594912 1.171538114548
25850 0.69375 2.100121905066332 2.07864395737804 1.208693146706
25900 0.64375 2.0857546967984892 2.042612000560918 1.257556200027
25950 0.6953125 2.0978167848629132 2.0708233510821064 1.206582427025
26000 0.7765625 2.1742305715938577 2.148444456292527 1.130698919296
26050 0.8015625 2.165428300412767 2.1275538753331222 1.102788090706
26100 0.6953125 2.192751876745189 2.169345078844566 1.210746407509
26150 0.73125 2.106088818716163 2.068807146546046 1.172039270401
26200 0.6921875 2.1924828471443116 2.1564731839557956 1.211803197861
26250 0.7609375 2.1901704730628735 2.1504728977699763 1.141160130501
26300 0.7109375 2.1155317469028554 2.075988180313833 1.190275192261
26350 0.7546875 2.1034411594486775 2.0781724544610563 1.154951214790
26400 0.7140625 2.109124345502878 2.076413476141626 1.190021753311
26450 0.740625 2.1942340826464286 2.1493246727763013 1.159405469894
26500 0.6875 2.1365540937821845 2.1141299961567506 1.215752124786
26550 0.7625 2.1582872914040436 2.123807240827951 1.145324230194
26600 0.709375 2.1151798013107506 2.0899138222759093 1.199711918831
26650 0.7234375 2.151801749733201 2.100827459512446 1.179027915001
26700 0.6828125 2.1861463060997726 2.1438389881737834 1.221701383591
26750 0.7421875 2.2013617084060018 2.1640162015305378 1.156873464584
26800 0.7640625 2.145677846716974 2.1138059520344754 1.144500732422
26850 0.7734375 2.148025680955154 2.1292523702341404 1.132341504097
26900 0.7234375 2.1518579307550243 2.1277260258969575 1.179563879967
26950 0.696875 2.133245384220055 2.1006410545947234 1.197471857071
27000 0.7484375 2.1639018301524273 2.136730124171765 1.154936790466
27050 0.7578125 2.157615659822585 2.126823395727952 1.144944906235
27100 0.76875 2.131226787163579 2.1007280404897575 1.134799003601
27150 0.6875 2.1653602753976773 2.1276219328346455 1.215238451958
27200 0.6796875 2.1995533302385053 2.1613809856233916 1.220534682274
27250 0.7359375 2.135902058622137 2.1075185482000496 1.168614625931
27300 0.7140625 2.1343707801798515 2.100620526568689 1.187430262566
27350 0.7546875 2.1939173861516714 2.1563331581473415 1.150061845779
27400 0.7484375 2.1802033932264644 2.1428577862162026 1.148088574409
27450 0.7859375 2.146749531772579 2.112971598228246 1.122911214828
27500 0.721875 2.161983797432271 2.116575569083279 1.183914303780
27550 0.75 2.12337420072223 2.0973533673382216 1.154839277267
27600 0.728125 2.1444789427199358 2.108677141882298 1.175996899605
27650 0.753125 2.145067496935701 2.0928214421941362 1.148044586182
27700 0.7359375 2.171320163282606 2.1458356124038898 1.168942332268
27750 0.7 2.1213808594494297 2.069050632219305 1.205274820328
27800 0.7453125 2.232374807365577 2.190057048026422 1.158784031868
27850 0.7203125 2.1764552608260535 2.1375579810879684 1.183706521988
27900 0.7390625 2.110222883696558 2.0894603411449006 1.163655996323
27950 0.7609375 2.1343920655037207 2.1077069842032166 1.143982291222
28000 0.6828125 2.1135958689715175 2.07316026829097 1.216057062149
28050 0.7078125 2.186790540163877 2.158131160017675 1.193911790848
28100 0.690625 2.1604911073425863 2.1177893187342036 1.212270975113
28150 0.771875 2.157051765631696 2.1394599652484505 1.135368347168
28200 0.7125 2.093068554240429 2.0659418056962227 1.192345142365
28250 0.7078125 2.230068552075057 2.2003724610008395 1.198179841042
28300 0.7546875 2.1453085840520023 2.117455900202351 1.149263262749
28350 0.715625 2.1378690886741722 2.104208689113134 1.185532331467
28400 0.73125 2.1167813860006364 2.0873275312319097 1.172919511795
28450 0.76875 2.117563820014697 2.100062254755656 1.138162851334
28500 0.7171875 2.225033056510154 2.184183320309279 1.185901403427
28550 0.7546875 2.1093388459486357 2.0861391816329093 1.147043228149
28600 0.7515625 2.138174324346013 2.1134524237349477 1.151633620262
28650 0.7296875 2.1457211694618943 2.1167440622252967 1.176606655121
28700 0.8125 2.161645252473451 2.130160760481487 1.101064920425
28750 0.7578125 2.0848676769555343 2.059366866850628 1.145586609840
28800 0.7265625 2.1284540950595146 2.098564237420379 1.175508022308
28850 0.7984375 2.147688023189712 2.115571777073371 1.113264918327
28900 0.7796875 2.1846023499888543 2.1671808830968087 1.126412034035
28950 0.7453125 2.0769403053958744 2.049750200212098 1.154933094978
29000 0.7671875 2.108829872766234 2.0900632751928883 1.142358541489
29050 0.75 2.098724888540751 2.077795831254717 1.150907874107
29100 0.821875 2.163776837420033 2.1450840952717076 1.084668040276
29150 0.7359375 2.1367926203432903 2.1035563525714007 1.163227438927
29200 0.8 2.133466176217698 2.1122227370172943 1.102367401123
29250 0.7609375 2.1375477655568913 2.117739378405481 1.146361231804
29300 0.7109375 2.136818108208716 2.1045281741833333 1.191651582718
29350 0.778125 2.163074682637605 2.1368800334114444 1.131771326065
29400 0.7578125 2.1405550213805022 2.1152372757715545 1.143544197083
29450 0.7734375 2.17396658701288 2.1532798392615056 1.131619930267
29500 0.7359375 2.129371180013489 2.106229989812451 1.172219157219
29550 0.690625 2.119337999959529 2.089453606705429 1.213388442993
29600 0.715625 2.1845369217357407 2.1517904437003175 1.192609071732
29650 0.759375 2.1197635537272124 2.093274969426753 1.145472168922
29700 0.746875 2.1368992528786594 2.12104300591317 1.154911279678
29750 0.7640625 2.143935953807242 2.1280711322387904 1.139595627785
29800 0.7078125 2.176202192446206 2.140175915627092 1.197491407394
29850 0.7515625 2.137981375503729 2.103341899729308 1.151354074478
29900 0.746875 2.148069603293142 2.1136038470814795 1.162634015083
29950 0.7375 2.2050199441031837 2.1605928839807427 1.170829176903
30000 0.7078125 2.131120454218474 2.0943454339527245 1.192901730537
30050 0.74375 2.225232773589495 2.201967233088048 1.159817934036
30100 0.6609375 2.1191143911185044 2.0819342834941117 1.239889025688
30150 0.7140625 2.240668026751798 2.1733352875928618 1.189233660698
30200 0.7234375 2.1636841402229003 2.1422491514027477 1.181116819382
30250 0.7015625 2.153222072795841 2.1215639757345235 1.201680541039
30300 0.7390625 2.1777897014822796 2.1404969813385253 1.162446379662
30350 0.678125 2.104567007710067 2.07273779441714 1.226170420647
30400 0.671875 2.1209175235955193 2.0936185441307735 1.230740785599
30450 0.7640625 2.1659697523350236 2.1493976689782137 1.148062586784
30500 0.653125 2.2087365815231053 2.1614052437520104 1.248362660408
30550 0.671875 2.137059127051487 2.0956120288549838 1.225304603577
30600 0.7265625 2.1711012909772194 2.1303668281805996 1.178116440773
30650 0.696875 2.150309376081081 2.1154669710117386 1.208473443985
30700 0.678125 2.196203806022506 2.1566544175111293 1.222288370132
30750 0.75 2.100458790227463 2.069236506804815 1.156892418861
30800 0.7 2.125238438380697 2.075318049955805 1.205235719681
30850 0.73125 2.177601531224901 2.1481329216126546 1.168968796730
30900 0.7078125 2.0961305396377075 2.0625865518077866 1.193572640419
30950 0.721875 2.1610279878472194 2.1376779184493424 1.180649518967
31000 0.6984375 2.1573149725465153 2.1071082976908992 1.202886462212
31050 0.7359375 2.2043949433171375 2.162271250874085 1.167422771454
31100 0.703125 2.1169217722081357 2.0927608679809078 1.200488209724
31150 0.7484375 2.14310333933377 2.1013007916712065 1.155386567116
31200 0.7125 2.126459949440667 2.088099863972617 1.186975836754
31250 0.7625 2.2217951214347154 2.199039981765874 1.139142751694
31300 0.740625 2.163960396584619 2.137258418374512 1.167617440224
31350 0.753125 2.1234998562008625 2.106809047337133 1.150731682777
31400 0.7359375 2.1253012693783058 2.0802523806747475 1.167369365692
31450 0.7609375 2.1341414277194133 2.1002283385793366 1.144592523575
31500 0.7703125 2.149282047182653 2.1175923874251334 1.134929656982
31550 0.7640625 2.11522728322725 2.087600623404148 1.137672662735
31600 0.759375 2.0966973503633386 2.0770677886118025 1.142691612244
31650 0.7546875 2.199819228355713 2.151382761437788 1.153184652328
31700 0.7078125 2.176533091609714 2.135000406330279 1.193321108818
31750 0.7359375 2.1586933805477972 2.1124101122502617 1.167926311493
31800 0.765625 2.123922416121052 2.0952482546296047 1.144030809402
31850 0.75 2.1409604213046847 2.121381031692527 1.154134035110
31900 0.746875 2.1507780707681823 2.122276375475733 1.155536174774
31950 0.7546875 2.1374009277410795 2.10883123686173 1.148027896881
32000 0.753125 2.1988627187127103 2.1587085736085605 1.146997690201
32050 0.73125 2.148145404558501 2.125145221550345 1.170039534569
32100 0.7734375 2.2421216389177436 2.189923278004439 1.131524324417
32150 0.66875 2.1353129776136237 2.0928639185970366 1.235003709793
32200 0.73125 2.1351604489458524 2.1013107352956726 1.168554306030
32250 0.740625 2.186715610641069 2.153664376006771 1.160710573196
32300 0.7453125 2.1778122775889406 2.1349390496806886 1.163643479347
32350 0.7171875 2.1668129626153823 2.1142863517416415 1.187149047852
32400 0.74375 2.2138118799101694 2.181197042129108 1.160926699638
32450 0.74375 2.138627327238939 2.111883146912779 1.161236166954
32500 0.740625 2.1443044047478192 2.100873808935936 1.162140607834
32550 0.703125 2.210744921283533 2.1679314878391707 1.200130701065
32600 0.6453125 2.184847332357158 2.087390774292451 1.259379506111
32650 0.7046875 2.131874472230942 2.100878017441915 1.194431900978
32700 0.6765625 2.187751362122641 2.122191319983191 1.224603891373
32750 0.715625 2.18534919174834 2.136122226385685 1.187349915504
32800 0.7109375 2.2021333717551084 2.15442927022482 1.190384268761
32850 0.753125 2.16731673086531 2.1231292781155187 1.148552656174
32900 0.68125 2.169939927006924 2.1113965662861203 1.221321940422
32950 0.74375 2.1196889899840987 2.0770260978442625 1.157702922821
33000 0.725 2.1685012981752165 2.123319884254486 1.180004239082
33050 0.7203125 2.159613554877361 2.1243693374172046 1.182576656342
33100 0.7375 2.148000273089834 2.1185924399552833 1.165804505348
33150 0.734375 2.194810489907394 2.161473912916857 1.168736577034
33200 0.753125 2.180959444862395 2.1530721080737956 1.149869561195
33250 0.703125 2.0848220074249184 2.053227445371565 1.202333927155
33300 0.7015625 2.1370799446541477 2.096328574107881 1.196925401688
33350 0.675 2.171138114492341 2.1322929657377947 1.229494929314
33400 0.7046875 2.141189824041754 2.100031754876745 1.198671102524
33450 0.703125 2.1249306687213863 2.090770788365699 1.202982306480
33500 0.715625 2.137547192295035 2.104084908017252 1.187593102455
33550 0.709375 2.1472008705041716 2.1138042379293958 1.192170143127
33600 0.6328125 2.23927994497147 2.194533422786912 1.264306783676
33650 0.684375 2.151045598386993 2.1139103527524754 1.213897943497
33700 0.8375 2.1449470857842527 2.1162086208613315 1.070257782936
33750 0.7546875 2.1091868487043652 2.0825666052973966 1.150785684586
33800 0.690625 2.175778739821148 2.1445098450131628 1.212273836136
33850 0.753125 2.193334211392592 2.163780557554495 1.147378921509
33900 0.6796875 2.1708205890748813 2.120169559386781 1.221531033516
33950 0.6640625 2.221256416542034 2.1606901849201283 1.239465355873
34000 0.6859375 2.178567920185686 2.122232582213691 1.217664003372
34050 0.7046875 2.106865650776607 2.070183644891229 1.195073008537
